Planning @ start 0.50, 0.50, 0.04, 0.51, 2.05, -0.11, 0.58, 0.01, 0.22, 0.00
Expanded: (0.50, 0.50, 0.04) (29.20, 117.39, -6.37, 33.17, 0.39, 12.72, 0.00)
Pos: 0.50,0.50
0.32 ?< 0.09
Expanded: (0.50, 0.50, 0.05) (37.86, 120.00, -6.37, 25.39, 0.39, 12.72, 0.00)
Pos: 0.50,0.50
0.32 ?< 0.09
Expanded: (0.50, 0.50, 0.05) (39.44, 120.00, -21.37, 25.39, 0.39, 12.72, -0.00)
Pos: 0.50,0.50
0.31 ?< 0.09
Expanded: (0.48, 0.52, 0.05) (39.43, 120.00, -36.37, 25.39, 0.39, 12.72, -0.00)
Pos: 0.48,0.52
0.30 ?< 0.09
Expanded: (0.40, 0.50, 0.05) (39.43, 120.00, -51.37, 25.39, 0.39, 12.72, -0.00)
Pos: 0.40,0.50
0.22 ?< 0.09
Expanded: (0.40, 0.52, 0.05) (39.39, 120.00, -51.37, 40.39, 0.39, 12.72, -0.00)
Pos: 0.40,0.52
0.21 ?< 0.09
Expanded: (0.40, 0.53, 0.05) (39.39, 120.00, -51.37, 40.39, 0.39, 12.72, -0.00)
Pos: 0.40,0.53
0.21 ?< 0.09
Expanded: (0.40, 0.53, 0.05) (39.39, 120.00, -51.37, 40.39, 0.39, 12.72, 15.00)
Pos: 0.40,0.53
0.21 ?< 0.09
Expanded: (0.40, 0.53, 0.05) (39.39, 120.00, -51.37, 40.39, 0.39, 12.72, -15.00)
Pos: 0.40,0.53
0.21 ?< 0.09
Expanded: (0.40, 0.53, 0.05) (39.39, 120.00, -51.37, 40.39, 15.39, 12.72, -0.00)
Pos: 0.40,0.53
0.21 ?< 0.09
Expanded: (0.40, 0.53, 0.05) (39.39, 120.00, -51.37, 40.39, -14.61, 12.72, -0.00)
Pos: 0.40,0.53
0.21 ?< 0.09
Expanded: (0.40, 0.52, 0.05) (39.39, 120.00, -51.37, 40.39, 0.39, 12.72, 15.00)
Pos: 0.40,0.52
0.21 ?< 0.09
Expanded: (0.40, 0.53, 0.05) (39.39, 120.00, -51.37, 40.39, 0.39, 12.72, 30.00)
Pos: 0.40,0.53
0.21 ?< 0.09
Expanded: (0.40, 0.53, 0.05) (39.39, 120.00, -51.37, 40.39, -14.61, 12.72, 15.00)
Pos: 0.40,0.53
0.21 ?< 0.09
Expanded: (0.40, 0.53, 0.05) (39.39, 120.00, -51.37, 40.39, 15.39, 12.72, 15.00)
Pos: 0.40,0.53
0.21 ?< 0.09
Expanded: (0.40, 0.53, 0.05) (39.39, 120.00, -51.37, 40.39, 0.39, 12.72, 45.00)
Pos: 0.40,0.53
0.21 ?< 0.09
Expanded: (0.40, 0.53, 0.05) (39.39, 120.00, -51.37, 40.39, 0.39, 12.72, 60.00)
Pos: 0.40,0.53
0.21 ?< 0.09
Expanded: (0.40, 0.53, 0.05) (39.39, 120.00, -51.37, 40.39, -14.61, 12.72, 45.00)
Pos: 0.40,0.53
0.21 ?< 0.09
Plan/Exec Loop Timed out!
Planning failed!
Planning @ start 0.50, 0.50, 0.04, 0.51, 2.05, -0.11, 0.58, 0.01, 0.22, 0.00
Expanded: (0.50, 0.50, 0.04) (29.20, 117.39, -6.37, 33.17, 0.39, 12.72, 0.00)
Pos: 0.50,0.50
0.32 ?< 0.09
Expanded: (0.50, 0.50, 0.04) (37.86, 120.00, -6.37, 25.39, 0.39, 12.72, 0.00)
Pos: 0.50,0.50
0.32 ?< 0.09
Expanded: (0.50, 0.50, 0.04) (39.44, 120.00, -21.37, 25.39, 0.39, 12.72, -0.00)
Pos: 0.50,0.50
0.32 ?< 0.09
Expanded: (0.49, 0.52, 0.05) (39.42, 120.00, -36.37, 25.39, 0.39, 12.72, -0.00)
Pos: 0.49,0.52
0.30 ?< 0.09
Expanded: (0.49, 0.52, 0.04) (39.42, 120.00, -36.37, 25.39, 0.39, 12.72, 15.00)
Pos: 0.49,0.52
0.30 ?< 0.09
Expanded: (0.49, 0.52, 0.04) (39.42, 120.00, -36.37, 25.39, 0.39, 12.72, 30.00)
Pos: 0.49,0.52
0.30 ?< 0.09
Expanded: (0.49, 0.52, 0.04) (39.42, 120.00, -36.37, 25.39, 15.39, 12.72, 15.00)
Pos: 0.49,0.52
0.30 ?< 0.09
Expanded: (0.49, 0.52, 0.04) (39.42, 120.00, -36.37, 25.39, -14.61, 12.72, 15.00)
Pos: 0.49,0.52
0.30 ?< 0.09
Expanded: (0.49, 0.52, 0.04) (39.42, 120.00, -36.37, 25.39, 0.39, 12.72, 45.00)
Pos: 0.49,0.52
0.30 ?< 0.09
Expanded: (0.49, 0.52, 0.04) (39.42, 120.00, -36.37, 25.39, 0.39, 12.72, 60.00)
Pos: 0.49,0.52
0.30 ?< 0.09
Expanded: (0.49, 0.52, 0.04) (39.42, 120.00, -36.37, 25.39, -14.61, 12.72, 45.00)
Pos: 0.49,0.52
0.30 ?< 0.09
Expanded: (0.49, 0.52, 0.04) (39.42, 120.00, -36.37, 25.39, 15.39, 12.72, 45.00)
Pos: 0.49,0.52
0.30 ?< 0.09
Expanded: (0.49, 0.52, 0.04) (39.42, 120.00, -36.37, 25.39, 0.39, 27.72, 15.00)
Pos: 0.49,0.52
0.30 ?< 0.09
Expanded: (0.49, 0.52, 0.04) (39.42, 120.00, -36.37, 25.39, 0.39, -2.28, 15.00)
Pos: 0.49,0.52
0.30 ?< 0.09
Expanded: (0.49, 0.52, 0.04) (39.42, 120.00, -36.37, 25.39, 0.39, 12.72, -15.00)
Pos: 0.49,0.52
0.30 ?< 0.09
Expanded: (0.49, 0.52, 0.04) (39.42, 120.00, -36.37, 25.39, 0.39, 12.72, -30.00)
Pos: 0.49,0.52
0.30 ?< 0.09
Plan/Exec Loop Timed out!
Planning failed!
Planning @ start 0.50, 0.50, 0.04, 0.51, 2.05, -0.11, 0.58, 0.01, 0.22, 0.00
Expanded: (0.50, 0.50, 0.04) (29.20, 117.39, -6.37, 33.17, 0.39, 12.72, 0.00)
Pos: 0.50,0.50
0.32 ?< 0.09
Expanded: (0.50, 0.50, 0.04) (37.86, 120.00, -6.37, 25.39, 0.39, 12.72, 0.00)
Pos: 0.50,0.50
0.32 ?< 0.09
Expanded: (0.50, 0.50, 0.04) (39.44, 120.00, -21.37, 25.39, 0.39, 12.72, -0.00)
Pos: 0.50,0.50
0.32 ?< 0.09
Expanded: (0.49, 0.51, 0.04) (39.45, 120.00, -36.37, 25.39, 0.39, 12.72, -0.00)
Pos: 0.49,0.51
0.30 ?< 0.09
Expanded: (0.49, 0.51, 0.04) (39.45, 120.00, -36.37, 25.39, 0.39, 12.72, -15.00)
Pos: 0.49,0.51
0.30 ?< 0.09
Expanded: (0.49, 0.51, 0.04) (39.45, 120.00, -36.37, 25.39, 0.39, 12.72, -30.00)
Pos: 0.49,0.51
0.30 ?< 0.09
Expanded: (0.49, 0.51, 0.04) (39.45, 120.00, -36.37, 25.39, 0.39, 12.72, 15.00)
Pos: 0.49,0.51
0.30 ?< 0.09
Expanded: (0.49, 0.51, 0.04) (39.45, 120.00, -36.37, 25.39, 0.39, 12.72, 30.00)
Pos: 0.49,0.51
0.30 ?< 0.09
Expanded: (0.49, 0.51, 0.04) (39.45, 120.00, -36.37, 25.39, 0.39, 12.72, -45.00)
Pos: 0.49,0.51
0.30 ?< 0.09
Expanded: (0.49, 0.51, 0.04) (39.45, 120.00, -36.37, 25.39, 0.39, 12.72, 45.00)
Pos: 0.49,0.51
0.30 ?< 0.09
Expanded: (0.49, 0.51, 0.04) (39.45, 120.00, -36.37, 25.39, 0.39, 12.72, 60.00)
Pos: 0.49,0.51
0.30 ?< 0.09
Expanded: (0.49, 0.51, 0.04) (39.45, 120.00, -36.37, 25.39, 0.39, 12.72, 75.00)
Pos: 0.49,0.51
0.30 ?< 0.09
Expanded: (0.49, 0.51, 0.04) (39.45, 120.00, -36.37, 25.39, 0.39, 12.72, 90.00)
Pos: 0.49,0.51
0.30 ?< 0.09
Expanded: (0.49, 0.51, 0.04) (39.45, 120.00, -36.37, 25.39, 0.39, 12.72, 105.00)
Pos: 0.49,0.51
0.30 ?< 0.09
Expanded: (0.49, 0.51, 0.04) (39.45, 120.00, -36.37, 25.39, 0.39, 12.72, -60.00)
Pos: 0.49,0.51
0.30 ?< 0.09
Expanded: (0.49, 0.51, 0.04) (39.45, 120.00, -36.37, 25.39, 0.39, 12.72, -75.00)
Pos: 0.49,0.51
0.30 ?< 0.09
Expanded: (0.49, 0.51, 0.04) (39.45, 120.00, -36.37, 25.39, 0.39, 12.72, -90.00)
Pos: 0.49,0.51
0.30 ?< 0.09
Expanded: (0.49, 0.51, 0.04) (39.45, 120.00, -36.37, 25.39, 0.39, 12.72, -105.00)
Pos: 0.49,0.51
0.30 ?< 0.09
Plan/Exec Loop Timed out!
Planning failed!
Planning @ start 0.50, 0.50, 0.04, 0.51, 2.05, -0.11, 0.58, 0.01, 0.22, 0.00
Expanded: (0.50, 0.50, 0.04) (29.20, 117.39, -6.37, 33.17, 0.39, 12.72, 0.00)
Pos: 0.50,0.50
0.32 ?< 0.09
Expanded: (0.50, 0.50, 0.05) (37.86, 120.00, -6.37, 25.39, 0.39, 12.72, 0.00)
Pos: 0.50,0.50
0.32 ?< 0.09
Expanded: (0.50, 0.50, 0.05) (39.44, 120.00, -21.37, 25.39, 0.39, 12.72, -0.00)
Pos: 0.50,0.50
0.31 ?< 0.09
Expanded: (0.49, 0.52, 0.05) (39.44, 120.00, -36.37, 25.39, 0.39, 12.72, -0.00)
Pos: 0.49,0.52
0.30 ?< 0.09
Expanded: (0.49, 0.51, 0.05) (39.44, 120.00, -36.37, 25.39, 0.39, 12.72, -15.00)
Pos: 0.49,0.51
0.30 ?< 0.09
Expanded: (0.49, 0.51, 0.05) (39.44, 120.00, -36.37, 25.39, 0.39, 12.72, 15.00)
Pos: 0.49,0.51
0.30 ?< 0.09
Expanded: (0.49, 0.51, 0.05) (39.44, 120.00, -36.37, 25.39, 15.39, 12.72, -0.00)
Pos: 0.49,0.51
0.30 ?< 0.09
Expanded: (0.49, 0.51, 0.05) (39.44, 120.00, -36.37, 25.39, 0.39, 27.72, -0.00)
Pos: 0.49,0.51
0.30 ?< 0.09
Expanded: (0.49, 0.51, 0.05) (39.44, 120.00, -36.37, 25.39, 0.39, -2.28, -0.00)
Pos: 0.49,0.51
0.30 ?< 0.09
Expanded: (0.49, 0.52, 0.05) (39.44, 120.00, -36.37, 25.39, 0.39, 12.72, 30.00)
Pos: 0.49,0.52
0.30 ?< 0.09
Expanded: (0.49, 0.51, 0.05) (39.44, 120.00, -36.37, 25.39, 0.39, 12.72, 45.00)
Pos: 0.49,0.51
0.30 ?< 0.09
Expanded: (0.49, 0.51, 0.05) (39.44, 120.00, -36.37, 25.39, 15.39, 12.72, 30.00)
Pos: 0.49,0.51
0.30 ?< 0.09
Expanded: (0.49, 0.51, 0.05) (39.44, 120.00, -36.37, 25.39, 0.39, 27.72, 30.00)
Pos: 0.49,0.51
0.30 ?< 0.09
Expanded: (0.44, 0.50, 0.05) (38.56, 119.51, -51.37, 25.39, 0.39, 27.72, 30.00)
Pos: 0.44,0.50
0.26 ?< 0.09
Expanded: (0.38, 0.56, 0.05) (47.74, 119.51, -51.37, 25.39, 0.39, 27.72, 30.00)
Pos: 0.38,0.56
0.18 ?< 0.09
Expanded: (0.33, 0.60, 0.05) (53.08, 119.51, -51.37, 25.39, 0.39, 27.72, 29.99)
Pos: 0.33,0.60
0.13 ?< 0.09
Expanded: (0.28, 0.61, 0.05) (57.88, 119.51, -51.37, 25.39, 0.39, 27.72, 29.99)
Pos: 0.28,0.61
0.08 ?< 0.09
Plan/Exec Loop Timed out!
Planning failed!
Planning @ start 0.50, 0.50, 0.04, 0.51, 2.05, -0.11, 0.58, 0.01, 0.22, 0.00
Expanded: (0.50, 0.50, 0.04) (29.20, 117.39, -6.37, 33.17, 0.39, 12.72, 0.00)
Pos: 0.50,0.50
0.32 ?< 0.09
Expanded: (0.50, 0.50, 0.05) (37.86, 120.00, -6.37, 25.39, 0.39, 12.72, 0.00)
Pos: 0.50,0.50
0.32 ?< 0.09
Expanded: (0.50, 0.50, 0.05) (39.44, 120.00, -21.37, 25.39, 0.39, 12.72, -0.00)
Pos: 0.50,0.50
0.31 ?< 0.09
Expanded: (0.49, 0.52, 0.05) (39.44, 120.00, -36.37, 25.39, 0.39, 12.72, -0.00)
Pos: 0.49,0.52
0.30 ?< 0.09
Expanded: (0.49, 0.51, 0.05) (39.44, 120.00, -36.37, 25.39, 0.39, 12.72, -15.00)
Pos: 0.49,0.51
0.30 ?< 0.09
Expanded: (0.49, 0.51, 0.05) (39.44, 120.00, -36.37, 25.39, 0.39, 12.72, -30.00)
Pos: 0.49,0.51
0.30 ?< 0.09
Expanded: (0.49, 0.51, 0.05) (39.44, 120.00, -36.37, 25.39, 15.39, 12.72, -15.00)
Pos: 0.49,0.51
0.30 ?< 0.09
Expanded: (0.49, 0.51, 0.05) (39.44, 120.00, -36.37, 25.39, 0.39, 12.72, -45.00)
Pos: 0.49,0.51
0.30 ?< 0.09
Expanded: (0.49, 0.51, 0.05) (39.44, 120.00, -36.37, 25.39, 15.39, 12.72, -45.00)
Pos: 0.49,0.51
0.30 ?< 0.09
Expanded: (0.49, 0.51, 0.05) (39.44, 120.00, -36.37, 25.39, 15.39, 12.72, -60.00)
Pos: 0.49,0.51
0.30 ?< 0.09
Expanded: (0.49, 0.51, 0.05) (39.44, 120.00, -36.37, 25.39, 15.39, 12.72, -75.00)
Pos: 0.49,0.51
0.30 ?< 0.09
Expanded: (0.49, 0.51, 0.05) (39.44, 120.00, -36.37, 25.39, 30.39, 12.72, -60.00)
Pos: 0.49,0.51
0.30 ?< 0.09
Expanded: (0.49, 0.51, 0.05) (39.44, 120.00, -36.37, 25.39, 15.39, 12.72, -90.00)
Pos: 0.49,0.51
0.30 ?< 0.09
Expanded: (0.49, 0.51, 0.05) (39.44, 120.00, -36.37, 25.39, 30.39, 12.72, -90.00)
Pos: 0.49,0.51
0.30 ?< 0.09
Expanded: (0.49, 0.51, 0.05) (39.44, 120.00, -36.37, 25.39, 15.39, 12.72, -105.00)
Pos: 0.49,0.51
0.30 ?< 0.09
Expanded: (0.49, 0.51, 0.05) (39.44, 120.00, -36.37, 25.39, 30.39, 12.72, -105.00)
Pos: 0.49,0.51
0.30 ?< 0.09
Plan/Exec Loop Timed out!
Planning failed!
Planning @ start 0.50, 0.50, 0.04, 0.51, 2.05, -0.11, 0.58, 0.01, 0.22, 0.00
Expanded: (0.50, 0.50, 0.04) (29.20, 117.39, -6.37, 33.17, 0.39, 12.72, 0.00)
Pos: 0.50,0.50
0.32 ?< 0.09
Expanded: (0.50, 0.50, 0.05) (37.86, 120.00, -6.37, 25.39, 0.39, 12.72, 0.00)
Pos: 0.50,0.50
0.32 ?< 0.09
Expanded: (0.50, 0.50, 0.05) (39.44, 120.00, -21.37, 25.39, 0.39, 12.72, -0.00)
Pos: 0.50,0.50
0.31 ?< 0.09
Expanded: (0.48, 0.51, 0.05) (39.42, 120.00, -36.37, 25.39, 0.39, 12.72, -0.00)
Pos: 0.48,0.51
0.30 ?< 0.09
Expanded: (0.41, 0.51, 0.05) (39.42, 120.00, -51.37, 25.39, 0.39, 12.72, -0.00)
Pos: 0.41,0.51
0.23 ?< 0.09
Expanded: (0.39, 0.53, 0.05) (38.61, 120.00, -51.37, 40.39, 0.39, 12.72, -0.00)
Pos: 0.39,0.53
0.21 ?< 0.09
Expanded: (0.39, 0.52, 0.05) (38.61, 120.00, -51.37, 40.39, 0.39, 12.72, -0.00)
Pos: 0.39,0.52
0.20 ?< 0.09
Expanded: (0.39, 0.52, 0.05) (38.61, 120.00, -51.37, 40.39, 0.39, 12.72, 15.00)
Pos: 0.39,0.52
0.20 ?< 0.09
Expanded: (0.39, 0.52, 0.05) (38.61, 120.00, -51.37, 40.39, 0.39, 12.72, 30.00)
Pos: 0.39,0.52
0.21 ?< 0.09
Expanded: (0.39, 0.52, 0.05) (38.61, 120.00, -51.37, 40.39, -14.61, 12.72, 15.00)
Pos: 0.39,0.52
0.21 ?< 0.09
Expanded: (0.39, 0.52, 0.05) (38.61, 120.00, -51.37, 40.39, 15.39, 12.72, 15.00)
Pos: 0.39,0.52
0.21 ?< 0.09
Expanded: (0.39, 0.52, 0.05) (38.61, 120.00, -51.37, 40.39, 0.39, 27.72, 15.00)
Pos: 0.39,0.52
0.21 ?< 0.09
Expanded: (0.39, 0.52, 0.05) (38.61, 120.00, -51.37, 40.39, 0.39, -2.28, 15.00)
Pos: 0.39,0.52
0.21 ?< 0.09
Expanded: (0.39, 0.52, 0.05) (38.61, 120.00, -51.37, 40.39, 0.39, 12.72, 45.00)
Pos: 0.39,0.52
0.20 ?< 0.09
Expanded: (0.39, 0.52, 0.05) (38.61, 120.00, -51.37, 40.39, 0.39, 12.72, 60.00)
Pos: 0.39,0.52
0.21 ?< 0.09
Expanded: (0.39, 0.52, 0.05) (38.61, 120.00, -51.37, 40.39, -14.61, 12.72, 45.00)
Pos: 0.39,0.52
0.21 ?< 0.09
Expanded: (0.39, 0.52, 0.05) (38.61, 120.00, -51.37, 40.39, 15.39, 12.72, 45.00)
Pos: 0.39,0.52
0.21 ?< 0.09
Plan/Exec Loop Timed out!
Planning failed!
Planning @ start 0.50, 0.50, 0.04, 0.51, 2.05, -0.11, 0.58, 0.01, 0.22, 0.00
Expanded: (0.50, 0.50, 0.04) (29.20, 117.39, -6.37, 33.17, 0.39, 12.72, 0.00)
Pos: 0.50,0.50
0.32 ?< 0.09
Expanded: (0.50, 0.50, 0.05) (37.86, 120.00, -6.37, 25.39, 0.39, 12.72, 0.00)
Pos: 0.50,0.50
0.32 ?< 0.09
Expanded: (0.50, 0.50, 0.05) (39.44, 120.00, -21.37, 25.39, 0.39, 12.72, -0.00)
Pos: 0.50,0.50
0.32 ?< 0.09
Expanded: (0.49, 0.52, 0.05) (39.44, 120.00, -36.37, 25.39, 0.39, 12.72, -0.00)
Pos: 0.49,0.52
0.30 ?< 0.09
Expanded: (0.49, 0.52, 0.05) (39.44, 120.00, -36.37, 25.39, 0.39, 12.72, 15.00)
Pos: 0.49,0.52
0.30 ?< 0.09
Expanded: (0.49, 0.51, 0.05) (39.44, 120.00, -36.37, 25.39, 0.39, 12.72, 30.00)
Pos: 0.49,0.51
0.30 ?< 0.09
Expanded: (0.49, 0.51, 0.05) (39.44, 120.00, -36.37, 25.39, 15.39, 12.72, 15.00)
Pos: 0.49,0.51
0.30 ?< 0.09
Expanded: (0.49, 0.52, 0.05) (39.44, 120.00, -36.37, 25.39, 0.39, 12.72, -15.00)
Pos: 0.49,0.52
0.30 ?< 0.09
Expanded: (0.49, 0.51, 0.05) (39.44, 120.00, -36.37, 25.39, 0.39, 12.72, -30.00)
Pos: 0.49,0.51
0.30 ?< 0.09
Expanded: (0.49, 0.51, 0.05) (39.44, 120.00, -36.37, 25.39, 15.39, 12.72, -15.00)
Pos: 0.49,0.51
0.30 ?< 0.09
Expanded: (0.49, 0.52, 0.05) (39.44, 120.00, -36.37, 25.39, 15.39, 12.72, -0.00)
Pos: 0.49,0.52
0.30 ?< 0.09
Expanded: (0.49, 0.51, 0.05) (39.44, 120.00, -36.37, 25.39, 30.39, 12.72, -0.00)
Pos: 0.49,0.51
0.30 ?< 0.09
Expanded: (0.49, 0.51, 0.05) (39.44, 120.00, -36.37, 25.39, 0.39, 27.72, -15.00)
Pos: 0.49,0.51
0.30 ?< 0.09
Expanded: (0.49, 0.51, 0.05) (39.44, 120.00, -36.37, 25.39, 0.39, 27.72, 15.00)
Pos: 0.49,0.51
0.30 ?< 0.09
Expanded: (0.49, 0.51, 0.05) (39.44, 120.00, -36.37, 25.39, 0.39, -2.28, 15.00)
Pos: 0.49,0.51
0.30 ?< 0.09
Expanded: (0.49, 0.51, 0.05) (39.44, 120.00, -36.37, 25.39, 0.39, -2.28, -15.00)
Pos: 0.49,0.51
0.30 ?< 0.09
Expanded: (0.49, 0.52, 0.05) (39.44, 120.00, -36.37, 25.39, 0.39, 12.72, -45.00)
Pos: 0.49,0.52
0.30 ?< 0.09
Expanded: (0.49, 0.51, 0.05) (39.44, 120.00, -36.37, 25.39, 0.39, 12.72, -60.00)
Pos: 0.49,0.51
0.30 ?< 0.09
Expanded: (0.49, 0.51, 0.05) (39.44, 120.00, -36.37, 25.39, 15.39, 12.72, -45.00)
Pos: 0.49,0.51
0.30 ?< 0.09
Plan/Exec Loop Timed out!
Planning failed!
Planning @ start 0.50, 0.50, 0.04, 0.51, 2.05, -0.11, 0.58, 0.01, 0.22, 0.00
Expanded: (0.50, 0.50, 0.04) (29.20, 117.39, -6.37, 33.17, 0.39, 12.72, 0.00)
Pos: 0.50,0.50
0.32 ?< 0.09
Expanded: (0.50, 0.50, 0.05) (37.86, 120.00, -6.37, 25.39, 0.39, 12.72, 0.00)
Pos: 0.50,0.50
0.32 ?< 0.09
Expanded: (0.50, 0.50, 0.05) (39.44, 120.00, -21.37, 25.39, 0.39, 12.72, -0.00)
Pos: 0.50,0.50
0.31 ?< 0.09
Expanded: (0.49, 0.52, 0.05) (39.43, 120.00, -36.37, 25.39, 0.39, 12.72, -0.00)
Pos: 0.49,0.52
0.30 ?< 0.09
Expanded: (0.40, 0.50, 0.05) (39.43, 120.00, -51.37, 25.39, 0.39, 12.72, -0.00)
Pos: 0.40,0.50
0.22 ?< 0.09
Expanded: (0.40, 0.52, 0.05) (39.06, 120.00, -51.37, 40.39, 0.39, 12.72, -0.00)
Pos: 0.40,0.52
0.21 ?< 0.09
Expanded: (0.40, 0.52, 0.05) (39.06, 120.00, -51.37, 40.39, 0.39, 12.72, 15.00)
Pos: 0.40,0.52
0.21 ?< 0.09
Expanded: (0.40, 0.52, 0.05) (39.06, 120.00, -51.37, 40.39, 0.39, 12.72, 30.00)
Pos: 0.40,0.52
0.21 ?< 0.09
Expanded: (0.40, 0.52, 0.05) (39.06, 120.00, -51.37, 40.39, 15.39, 12.72, 15.00)
Pos: 0.40,0.52
0.21 ?< 0.09
Expanded: (0.40, 0.52, 0.05) (39.06, 120.00, -51.37, 40.39, -14.61, 12.72, 15.00)
Pos: 0.40,0.52
0.21 ?< 0.09
Expanded: (0.40, 0.52, 0.05) (39.06, 120.00, -51.37, 40.39, 0.39, 12.72, 45.00)
Pos: 0.40,0.52
0.21 ?< 0.09
Expanded: (0.40, 0.52, 0.05) (39.06, 120.00, -51.37, 40.39, 0.39, 12.72, 60.00)
Pos: 0.40,0.52
0.21 ?< 0.09
Expanded: (0.40, 0.52, 0.05) (39.06, 120.00, -51.37, 40.39, 15.39, 12.72, 45.00)
Pos: 0.40,0.52
0.21 ?< 0.09
Expanded: (0.40, 0.52, 0.05) (39.06, 120.00, -51.37, 40.39, -14.61, 12.72, 45.00)
Pos: 0.40,0.52
0.21 ?< 0.09
Expanded: (0.40, 0.52, 0.05) (39.06, 120.00, -51.37, 40.39, 0.39, 12.72, 75.00)
Pos: 0.40,0.52
0.21 ?< 0.09
Expanded: (0.40, 0.52, 0.05) (39.06, 120.00, -51.37, 40.39, 0.39, 12.72, 90.00)
Pos: 0.40,0.52
0.21 ?< 0.09
Expanded: (0.40, 0.52, 0.05) (39.06, 120.00, -51.37, 40.39, 15.39, 12.72, 75.00)
Pos: 0.40,0.52
0.21 ?< 0.09
Expanded: (0.40, 0.52, 0.05) (39.06, 120.00, -51.37, 40.39, -14.61, 12.72, 75.00)
Pos: 0.40,0.52
0.21 ?< 0.09
Expanded: (0.40, 0.52, 0.05) (39.06, 120.00, -51.37, 40.39, 0.39, 12.72, 105.00)
Pos: 0.40,0.52
0.21 ?< 0.09
Expanded: (0.40, 0.52, 0.05) (39.06, 120.00, -51.37, 40.38, 0.39, 12.72, 120.00)
Pos: 0.40,0.52
0.21 ?< 0.09
Plan/Exec Loop Timed out!
Planning failed!
Planning @ start 0.50, 0.50, 0.04, 0.51, 2.05, -0.11, 0.58, 0.01, 0.22, 0.00
Expanded: (0.50, 0.50, 0.04) (29.20, 117.39, -6.37, 33.17, 0.39, 12.72, 0.00)
Pos: 0.50,0.50
0.32 ?< 0.09
Expanded: (0.50, 0.50, 0.05) (37.86, 120.00, -6.37, 25.39, 0.39, 12.72, 0.00)
Pos: 0.50,0.50
0.32 ?< 0.09
Expanded: (0.50, 0.50, 0.05) (39.44, 120.00, -21.37, 25.39, 0.39, 12.72, -0.00)
Pos: 0.50,0.50
0.31 ?< 0.09
Expanded: (0.49, 0.52, 0.05) (39.44, 120.00, -36.37, 25.39, 0.39, 12.72, -0.00)
Pos: 0.49,0.52
0.30 ?< 0.09
Expanded: (0.49, 0.52, 0.05) (39.44, 120.00, -36.37, 25.39, -14.61, 12.72, -0.00)
Pos: 0.49,0.52
0.30 ?< 0.09
Expanded: (0.49, 0.52, 0.05) (39.44, 120.00, -36.37, 25.39, 0.39, 12.72, 15.00)
Pos: 0.49,0.52
0.30 ?< 0.09
Expanded: (0.49, 0.52, 0.05) (39.44, 120.00, -36.37, 25.39, 0.39, 12.72, 30.00)
Pos: 0.49,0.52
0.30 ?< 0.09
Expanded: (0.49, 0.52, 0.05) (39.44, 120.00, -36.37, 25.39, 15.39, 12.72, 15.00)
Pos: 0.49,0.52
0.30 ?< 0.09
Expanded: (0.49, 0.52, 0.05) (39.44, 120.00, -36.37, 25.39, 0.39, 27.72, 15.00)
Pos: 0.49,0.52
0.30 ?< 0.09
Expanded: (0.44, 0.50, 0.05) (38.49, 119.51, -51.37, 25.39, 0.39, 27.72, 15.00)
Pos: 0.44,0.50
0.26 ?< 0.09
Expanded: (0.43, 0.53, 0.06) (38.34, 120.00, -51.37, 40.38, 0.39, 27.72, 15.00)
Pos: 0.43,0.53
0.24 ?< 0.09
Expanded: (0.43, 0.53, 0.06) (38.34, 120.00, -51.37, 40.38, -14.61, 27.72, 15.00)
Pos: 0.43,0.53
0.24 ?< 0.09
Expanded: (0.43, 0.53, 0.06) (38.34, 120.00, -51.37, 40.38, 0.39, 27.72, -0.00)
Pos: 0.43,0.53
0.24 ?< 0.09
Expanded: (0.43, 0.53, 0.06) (38.34, 120.00, -51.37, 40.38, 0.39, 27.72, 30.00)
Pos: 0.43,0.53
0.24 ?< 0.09
Expanded: (0.43, 0.53, 0.06) (38.34, 120.00, -51.37, 40.38, 0.39, 12.72, 15.00)
Pos: 0.43,0.53
0.24 ?< 0.09
Expanded: (0.43, 0.53, 0.06) (38.34, 120.00, -51.37, 40.38, 0.39, 42.72, 15.00)
Pos: 0.43,0.53
0.24 ?< 0.09
Expanded: (0.43, 0.53, 0.05) (38.34, 120.00, -51.37, 40.38, 15.39, 27.72, 15.00)
Pos: 0.43,0.53
0.24 ?< 0.09
Plan/Exec Loop Timed out!
Planning failed!
Planning @ start 0.50, 0.50, 0.04, 0.51, 2.05, -0.11, 0.58, 0.01, 0.22, 0.00
Expanded: (0.50, 0.50, 0.04) (29.20, 117.39, -6.37, 33.17, 0.39, 12.72, 0.00)
Pos: 0.50,0.50
0.32 ?< 0.09
Expanded: (0.50, 0.50, 0.05) (37.86, 120.00, -6.37, 25.39, 0.39, 12.72, 0.00)
Pos: 0.50,0.50
0.32 ?< 0.09
Expanded: (0.50, 0.50, 0.05) (39.44, 120.00, -21.37, 25.39, 0.39, 12.72, -0.00)
Pos: 0.50,0.50
0.31 ?< 0.09
Expanded: (0.49, 0.51, 0.05) (39.44, 120.00, -36.37, 25.39, 0.39, 12.72, -0.00)
Pos: 0.49,0.51
0.30 ?< 0.09
Expanded: (0.49, 0.52, 0.05) (39.44, 120.00, -36.37, 25.39, 0.39, 12.72, -15.00)
Pos: 0.49,0.52
0.30 ?< 0.09
Expanded: (0.49, 0.52, 0.05) (39.44, 120.00, -36.37, 25.39, 0.39, 12.72, 15.00)
Pos: 0.49,0.52
0.30 ?< 0.09
Expanded: (0.49, 0.52, 0.05) (39.44, 120.00, -36.37, 25.39, 0.39, 12.72, 30.00)
Pos: 0.49,0.52
0.30 ?< 0.09
Expanded: (0.49, 0.51, 0.05) (39.44, 120.00, -36.37, 25.39, 0.39, 12.72, 45.00)
Pos: 0.49,0.51
0.30 ?< 0.09
Expanded: (0.49, 0.51, 0.05) (39.44, 120.00, -36.37, 25.39, 15.39, 12.72, 30.00)
Pos: 0.49,0.51
0.30 ?< 0.09
Expanded: (0.49, 0.51, 0.05) (39.44, 120.00, -36.37, 25.39, 0.39, 27.72, 30.00)
Pos: 0.49,0.51
0.30 ?< 0.09
Expanded: (0.49, 0.51, 0.05) (39.44, 120.00, -36.37, 25.39, 0.39, -2.28, 30.00)
Pos: 0.49,0.51
0.30 ?< 0.09
Expanded: (0.49, 0.52, 0.05) (39.44, 120.00, -36.37, 25.39, 0.39, 12.72, -30.00)
Pos: 0.49,0.52
0.30 ?< 0.09
Expanded: (0.49, 0.51, 0.05) (39.44, 120.00, -36.37, 25.39, 0.39, 12.72, -45.00)
Pos: 0.49,0.51
0.30 ?< 0.09
Plan/Exec Loop Timed out!
Planning failed!
