 [0.40016099 0.62095128 0.03604022 1.16452227 1.34183025 2.80406814
  0.80204788 2.00679475 2.0864363  0.16343444]
 [0.40291062 0.61717226 0.03605605 1.16451855 1.34184083 2.80407057
  0.80205541 1.84285692 2.08644278 0.16343535]
 [0.42691895 0.56569359 0.04906958 1.00454656 1.34184254 2.80407075
  0.80206976 1.8428638  2.08643242 0.1634396 ]
 [0.3680393  0.51549618 0.03763481 1.00454874 1.34184345 2.80407075
  0.96934287 1.84287094 2.0864221  0.1634418 ]
 [0.3472535  0.50597838 0.03836817 1.16452512 1.34184449 2.80407079
  0.96935581 1.8428792  2.08640986 0.16344461]
 [0.31433145 0.45960747 0.03605161 1.16452552 1.34184477 2.80407072
  1.13662033 1.84287989 2.08640661 0.16344471]