C(0.00): 0.13,0.68,0.04,0.92,0.78,0.39,0.90,2.00,2.10,1.22
C(7.09): 0.13,0.68,0.04,0.92,0.94,0.39,0.90,2.00,2.09,1.22
C(6.81): 0.13,0.68,0.04,1.08,0.94,0.39,0.90,2.00,2.09,1.22
C(6.52): 0.13,0.68,0.04,1.08,1.10,0.39,0.90,2.00,2.09,1.22
C(6.28): 0.13,0.68,0.04,1.24,1.10,0.39,0.90,2.00,2.09,1.22
C(6.01): 0.13,0.68,0.04,1.24,1.26,0.39,0.90,2.00,2.09,1.22
C(5.80): 0.13,0.68,0.04,1.24,1.42,0.39,0.90,2.00,2.09,1.22
C(5.53): 0.13,0.68,0.04,1.40,1.42,0.39,0.90,2.00,2.09,1.22
C(5.17): 0.13,0.68,0.04,1.40,1.58,0.39,0.90,2.00,2.09,1.22
C(4.84): 0.13,0.68,0.04,1.40,1.74,0.39,0.90,2.00,2.09,1.22
C(4.48): 0.13,0.69,0.04,1.56,1.74,0.39,0.90,2.00,2.09,1.22
C(4.12): 0.13,0.69,0.04,1.56,1.90,0.39,0.90,2.00,2.09,1.22
C(3.73): 0.13,0.68,0.04,1.56,2.06,0.39,0.90,2.00,2.09,1.22
C(3.23): 0.15,0.69,0.04,1.56,2.06,0.39,0.74,2.00,2.09,1.22
C(2.91): 0.16,0.68,0.04,1.56,2.06,0.39,0.58,2.00,2.09,1.22
C(2.66): 0.25,0.65,0.04,1.40,2.06,0.39,0.58,2.00,2.09,1.22
C(2.38): 0.35,0.60,0.04,1.24,2.06,0.39,0.58,2.00,2.09,1.22
C(2.30): 0.36,0.58,0.04,1.24,2.06,0.55,0.58,2.00,2.09,1.22
States Expanded: 18, found goal: 1
C(0.00): 0.17,0.59,0.04,1.34,1.49,2.05,0.70,0.89,2.10,0.03
C(3.27): 0.17,0.59,0.04,1.50,1.49,2.05,0.70,0.89,2.09,0.03
C(2.89): 0.17,0.59,0.04,1.66,1.49,2.05,0.70,0.89,2.09,0.03
C(2.48): 0.17,0.59,0.04,1.66,1.65,2.05,0.70,0.89,2.09,0.03
C(2.27): 0.17,0.59,0.04,1.66,1.81,2.05,0.70,0.89,2.09,0.03
C(1.90): 0.27,0.56,0.04,1.50,1.81,2.05,0.70,0.89,2.09,0.03
C(1.52): 0.35,0.51,0.04,1.34,1.81,2.05,0.70,0.89,2.09,0.03
C(0.83): 0.43,0.45,0.04,1.18,1.81,2.05,0.70,0.89,2.09,0.03
States Expanded: 8, found goal: 1

C(0.00): 0.30,0.64,0.04,1.03,1.48,1.01,0.91,2.97,2.10,3.05
C(4.26): 0.30,0.64,0.04,1.19,1.48,1.01,0.91,2.97,2.09,3.05
C(3.88): 0.30,0.64,0.04,1.35,1.48,1.01,0.91,2.97,2.09,3.05
C(3.52): 0.30,0.64,0.04,1.35,1.64,1.01,0.91,2.97,2.09,3.05
C(3.18): 0.30,0.64,0.04,1.51,1.64,1.01,0.91,2.97,2.09,3.05
C(2.76): 0.30,0.64,0.04,1.51,1.80,1.01,0.91,2.97,2.09,3.05
C(2.34): 0.30,0.62,0.04,1.51,1.96,1.01,0.91,2.97,2.09,3.05
C(1.56): 0.29,0.52,0.04,1.51,2.09,1.01,0.91,2.97,2.09,3.05
States Expanded: 8, found goal: 1
C(0.00): 0.47,0.55,0.04,0.58,1.10,2.97,0.40,2.97,1.40,3.05

C(0.00): 0.17,0.59,0.04,1.79,0.07,1.61,1.71,2.25,2.10,3.06
C(8.08): 0.17,0.59,0.04,1.79,0.23,1.61,1.71,2.25,2.09,3.05
C(7.62): 0.17,0.59,0.04,1.79,0.39,1.61,1.71,2.25,2.09,3.05
C(7.17): 0.17,0.59,0.04,1.79,0.55,1.61,1.71,2.25,2.09,3.05
C(6.73): 0.17,0.59,0.04,1.79,0.71,1.61,1.71,2.25,2.09,3.05
C(6.32): 0.17,0.59,0.04,1.79,0.87,1.61,1.71,2.25,2.09,3.05
C(5.96): 0.17,0.59,0.04,1.79,1.03,1.61,1.71,2.25,2.09,3.05
C(5.64): 0.17,0.59,0.04,1.79,1.19,1.61,1.71,2.25,2.09,3.05
C(5.37): 0.17,0.59,0.04,1.79,1.35,1.61,1.71,2.25,2.09,3.05
C(5.17): 0.17,0.59,0.04,1.95,1.35,1.61,1.71,2.25,2.09,3.05
C(4.87): 0.17,0.59,0.04,2.11,1.35,1.61,1.71,2.25,2.09,3.05
C(4.63): 0.17,0.59,0.04,2.11,1.35,1.77,1.71,2.25,2.09,3.05
C(4.36): 0.17,0.59,0.04,2.11,1.35,1.77,1.55,2.25,2.09,3.05
C(4.12): 0.17,0.59,0.04,2.11,1.35,1.93,1.55,2.25,2.09,3.05
C(3.95): 0.18,0.59,0.04,2.11,1.51,1.93,1.55,2.25,2.09,3.05
C(3.83): 0.18,0.59,0.04,2.11,1.51,1.93,1.39,2.25,2.09,3.05
C(3.64): 0.22,0.57,0.04,1.95,1.51,1.93,1.39,2.25,2.09,3.05
C(3.04): 0.26,0.53,0.04,1.95,1.67,1.93,1.39,2.25,2.09,3.05
C(2.70): 0.34,0.49,0.04,1.79,1.67,1.93,1.39,2.25,2.09,3.05
C(2.52): 0.42,0.45,0.04,1.63,1.67,1.93,1.39,2.25,2.09,3.05
States Expanded: 20, found goal: 1
C(0.00): 0.50,0.29,0.04,0.78,0.90,2.98,0.86,2.97,2.05,3.05
C(4.07): 0.50,0.29,0.04,0.62,0.90,2.97,0.86,2.97,2.05,3.05
C(3.75): 0.51,0.29,0.04,0.62,1.06,2.97,0.86,2.97,2.05,3.05
C(3.45): 0.50,0.29,0.04,0.62,1.22,2.97,0.86,2.97,2.05,3.05
C(3.13): 0.50,0.30,0.04,0.46,1.22,2.97,0.86,2.97,2.05,3.05
C(2.72): 0.51,0.30,0.04,0.46,1.38,2.97,0.86,2.97,2.05,3.05
C(2.19): 0.50,0.32,0.04,0.46,1.54,2.97,0.86,2.97,2.05,3.05
C(1.82): 0.48,0.40,0.04,0.62,1.54,2.97,0.86,2.97,2.05,3.05
C(1.67): 0.43,0.48,0.04,0.78,1.54,2.97,0.86,2.97,2.05,3.05
C(1.67): 0.43,0.48,0.04,0.78,1.54,2.97,0.86,2.97,1.89,3.05
C(1.67): 0.43,0.48,0.04,0.78,1.53,2.97,0.86,2.97,1.74,3.03
C(1.67): 0.43,0.48,0.04,0.78,1.52,2.97,0.86,2.97,1.59,2.95
C(1.68): 0.43,0.48,0.04,0.78,1.51,2.97,0.86,2.97,1.44,2.86
C(1.68): 0.43,0.48,0.04,0.78,1.52,2.97,0.86,2.97,1.75,2.95
C(1.66): 0.43,0.48,0.04,0.78,1.52,2.97,0.86,2.97,1.91,2.95
C(1.65): 0.43,0.48,0.04,0.78,1.52,2.97,0.86,2.97,2.07,2.95
C(1.65): 0.43,0.48,0.04,0.78,1.52,2.97,0.86,2.81,1.91,2.95
C(1.66): 0.43,0.48,0.04,0.78,1.52,2.97,0.86,2.81,1.75,2.95
C(1.65): 0.43,0.48,0.04,0.78,1.52,2.97,0.86,2.65,1.75,2.95
C(1.63): 0.43,0.47,0.04,0.78,1.52,2.97,0.86,2.65,1.59,2.95
C(1.61): 0.43,0.47,0.04,0.78,1.52,2.97,0.86,2.65,1.43,2.95
C(1.59): 0.42,0.47,0.04,0.78,1.52,2.97,0.86,2.49,1.43,2.95
States Expanded: 22, found goal: 1

C(0.00): 0.30,0.51,0.04,1.25,0.63,1.09,1.49,0.99,2.10,3.05
C(6.40): 0.30,0.51,0.04,1.25,0.79,1.09,1.49,0.99,2.09,3.05
C(5.99): 0.30,0.51,0.04,1.25,0.95,1.09,1.49,0.99,2.09,3.05
C(5.61): 0.30,0.51,0.04,1.25,1.11,1.09,1.49,0.99,2.09,3.05
C(5.32): 0.30,0.51,0.04,1.25,1.27,1.09,1.49,0.99,2.09,3.05
C(5.07): 0.30,0.51,0.04,1.25,1.43,1.09,1.49,0.99,2.09,3.05
C(4.85): 0.30,0.51,0.04,1.25,1.59,1.09,1.49,0.99,2.09,3.05
C(4.74): 0.30,0.51,0.04,1.25,1.59,1.09,1.33,0.99,2.09,3.05
C(4.56): 0.30,0.51,0.04,1.25,1.59,1.09,1.17,0.99,2.09,3.05
C(4.36): 0.30,0.51,0.04,1.25,1.75,1.09,1.17,0.99,2.09,3.05
C(4.04): 0.30,0.51,0.04,1.41,1.75,1.09,1.17,0.99,2.09,3.05
C(3.79): 0.30,0.51,0.04,1.41,1.75,1.09,1.01,0.99,2.09,3.05
C(3.50): 0.30,0.51,0.04,1.41,1.91,1.09,1.01,0.99,2.09,3.05
C(3.19): 0.31,0.50,0.04,1.41,1.91,1.09,0.85,0.99,2.09,3.05
C(2.90): 0.34,0.47,0.04,1.41,2.07,1.09,0.85,0.99,2.09,3.05
C(2.71): 0.35,0.46,0.04,1.41,2.07,1.25,0.85,0.99,2.09,3.05
C(2.56): 0.42,0.40,0.04,1.25,2.07,1.25,0.85,0.99,2.09,3.05
C(2.42): 0.42,0.39,0.04,1.25,2.05,1.41,0.85,0.98,2.09,3.05
C(2.36): 0.45,0.36,0.04,1.25,2.05,1.41,1.01,0.98,2.09,3.05
C(2.24): 0.45,0.35,0.04,1.25,2.02,1.57,1.01,0.97,2.09,3.05
C(2.22): 0.44,0.35,0.04,1.25,2.02,1.57,1.01,0.97,1.93,3.05
C(2.20): 0.44,0.30,0.04,1.25,2.02,1.57,1.17,0.97,1.93,3.05
C(2.10): 0.43,0.29,0.04,1.25,1.97,1.73,1.17,0.97,1.93,3.05
C(2.04): 0.42,0.25,0.04,1.25,1.97,1.73,1.33,0.97,1.93,3.05
C(1.95): 0.41,0.24,0.04,1.25,1.96,1.80,1.34,0.96,1.93,3.05
C(1.94): 0.41,0.24,0.04,1.25,1.96,1.80,1.34,0.96,1.77,3.05
States Expanded: 26, found goal: 1
C(0.00): 0.29,0.70,0.04,0.85,0.16,2.97,1.12,2.97,2.10,0.16
C(7.57): 0.29,0.70,0.04,0.85,0.32,2.97,1.12,2.97,2.09,0.16
C(7.14): 0.29,0.70,0.04,0.85,0.48,2.97,1.12,2.97,2.09,0.16
C(6.63): 0.29,0.70,0.04,1.01,0.48,2.97,1.12,2.97,2.09,0.16
C(6.16): 0.29,0.70,0.04,1.01,0.64,2.97,1.12,2.97,2.09,0.16
C(5.76): 0.29,0.70,0.04,1.17,0.64,2.97,1.12,2.97,2.09,0.16
C(5.27): 0.29,0.70,0.04,1.17,0.80,2.97,1.12,2.97,2.09,0.16
C(4.89): 0.29,0.70,0.04,1.17,0.96,2.97,1.12,2.97,2.09,0.16
C(4.70): 0.29,0.70,0.04,1.17,1.12,2.97,1.12,2.97,2.09,0.16
C(4.56): 0.29,0.70,0.04,1.33,1.12,2.97,1.12,2.97,2.09,0.16
C(4.53): 0.29,0.70,0.04,1.33,1.12,2.97,0.96,2.97,2.09,0.16
C(4.37): 0.29,0.70,0.04,1.33,1.28,2.97,0.96,2.97,2.09,0.16
C(4.34): 0.29,0.70,0.04,1.33,1.28,2.97,0.80,2.97,2.09,0.16
C(4.35): 0.29,0.70,0.04,1.33,1.28,2.97,0.80,2.81,2.09,0.16
C(4.35): 0.29,0.70,0.04,1.33,1.28,2.97,0.80,2.97,1.93,0.16
C(4.36): 0.29,0.70,0.04,1.33,1.28,2.97,0.80,2.65,2.09,0.16
C(4.35): 0.29,0.70,0.04,1.33,1.28,2.97,0.80,2.49,2.09,0.16
C(4.34): 0.29,0.70,0.04,1.33,1.28,2.97,0.80,2.33,2.09,0.16
C(4.34): 0.29,0.70,0.04,1.33,1.28,2.97,0.80,2.49,1.93,0.16
C(4.35): 0.29,0.70,0.04,1.33,1.28,2.97,0.80,2.33,1.93,0.16
C(4.35): 0.29,0.70,0.04,1.33,1.28,2.97,0.80,2.33,1.93,0.16
C(4.35): 0.29,0.70,0.04,1.33,1.28,2.97,0.80,2.17,2.09,0.16
C(4.35): 0.29,0.70,0.04,1.33,1.28,2.97,0.80,2.49,1.77,0.16
C(4.35): 0.29,0.70,0.04,1.33,1.28,2.97,0.80,2.65,1.93,0.16
C(4.34): 0.29,0.70,0.04,1.33,1.28,2.97,0.80,2.65,1.77,0.16
C(4.35): 0.29,0.70,0.04,1.33,1.28,2.97,0.80,2.81,1.77,0.16
C(4.35): 0.29,0.70,0.04,1.33,1.28,2.97,0.80,2.65,1.61,0.16
C(4.35): 0.29,0.70,0.04,1.33,1.28,2.97,0.80,2.49,1.61,0.16
C(4.34): 0.29,0.70,0.04,1.33,1.28,2.97,0.80,2.49,1.45,0.16
C(4.34): 0.29,0.70,0.04,1.33,1.28,2.97,0.80,2.33,1.61,0.16
C(4.33): 0.29,0.70,0.04,1.33,1.28,2.97,0.80,2.17,1.61,0.16
C(4.33): 0.29,0.70,0.04,1.33,1.28,2.97,0.80,2.17,1.77,0.16
C(4.33): 0.29,0.70,0.04,1.33,1.28,2.97,0.80,2.01,1.61,0.16
C(4.29): 0.29,0.70,0.03,1.33,1.34,2.97,0.80,2.01,1.62,0.17
C(4.32): 0.29,0.70,0.04,1.33,1.34,2.97,0.80,2.01,1.78,0.17
C(4.31): 0.29,0.70,0.04,1.33,1.34,2.97,0.80,2.01,1.94,0.17
C(4.31): 0.29,0.70,0.04,1.33,1.34,2.97,0.80,1.85,1.78,0.17
C(4.32): 0.29,0.70,0.03,1.33,1.34,2.96,0.80,2.16,1.78,0.17
C(4.32): 0.29,0.70,0.04,1.33,1.34,2.97,0.80,2.01,2.09,0.17
C(4.32): 0.29,0.70,0.04,1.33,1.34,2.97,0.80,1.85,1.94,0.17
C(4.32): 0.29,0.70,0.04,1.33,1.34,2.97,0.80,2.17,1.94,0.17
C(4.32): 0.29,0.70,0.04,1.33,1.34,2.97,0.80,1.69,1.78,0.17
C(4.33): 0.29,0.70,0.04,1.33,1.34,2.97,0.80,1.85,1.62,0.17
C(4.32): 0.29,0.70,0.04,1.33,1.34,2.97,0.80,1.69,1.62,0.17
C(4.33): 0.29,0.70,0.04,1.33,1.34,2.97,0.80,1.85,1.46,0.17
C(4.33): 0.29,0.70,0.04,1.33,1.34,2.97,0.80,2.33,1.94,0.17
C(4.33): 0.29,0.70,0.04,1.33,1.34,2.81,0.80,2.01,1.78,0.17
C(4.33): 0.29,0.70,0.04,1.33,1.34,2.81,0.80,2.01,1.62,0.17
C(4.33): 0.29,0.70,0.04,1.33,1.34,2.81,0.80,2.17,1.78,0.17
C(4.32): 0.29,0.70,0.04,1.33,1.34,2.81,0.80,2.33,1.78,0.17
C(4.32): 0.29,0.70,0.04,1.33,1.34,2.81,0.80,2.49,1.78,0.17
C(4.31): 0.29,0.70,0.04,1.33,1.34,2.81,0.80,2.49,1.94,0.17
C(4.31): 0.29,0.70,0.04,1.33,1.34,2.81,0.80,2.49,2.09,0.17
C(4.31): 0.29,0.70,0.04,1.33,1.34,2.81,0.80,2.65,1.94,0.17
C(4.32): 0.29,0.70,0.04,1.33,1.34,2.81,0.80,2.33,1.94,0.17
C(4.32): 0.29,0.70,0.04,1.33,1.34,2.81,0.80,2.33,1.62,0.17
C(4.32): 0.29,0.70,0.04,1.33,1.34,2.81,0.80,2.17,1.94,0.17
C(4.32): 0.29,0.70,0.04,1.33,1.34,2.81,0.80,2.17,2.09,0.17
C(4.32): 0.29,0.70,0.04,1.33,1.34,2.81,0.80,2.33,2.09,0.17
C(4.32): 0.29,0.70,0.04,1.33,1.34,2.81,0.80,2.33,2.09,0.17
C(4.32): 0.29,0.70,0.04,1.33,1.34,2.81,0.80,2.65,2.09,0.17
C(4.32): 0.29,0.70,0.04,1.33,1.34,2.81,0.80,2.81,2.09,0.17
C(4.31): 0.29,0.70,0.04,1.33,1.34,2.81,0.80,2.96,2.09,0.17
C(4.33): 0.29,0.70,0.04,1.33,1.34,2.81,0.80,2.33,2.09,0.17
C(4.33): 0.29,0.70,0.04,1.33,1.34,2.81,0.80,2.01,1.94,0.17
C(4.31): 0.30,0.70,0.04,1.33,1.34,2.81,0.80,1.85,1.94,0.17
C(4.30): 0.31,0.69,0.04,1.33,1.34,2.81,0.80,1.69,1.94,0.17
C(4.29): 0.31,0.69,0.04,1.33,1.34,2.81,0.80,1.53,1.94,0.17
C(4.29): 0.31,0.69,0.04,1.33,1.34,2.81,0.80,1.53,1.78,0.17
C(4.29): 0.31,0.69,0.04,1.33,1.34,2.81,0.80,1.53,1.62,0.17
C(4.29): 0.32,0.69,0.04,1.33,1.34,2.81,0.80,1.37,1.78,0.17
C(4.29): 0.32,0.69,0.04,1.33,1.34,2.81,0.80,1.37,1.62,0.17
C(4.29): 0.31,0.69,0.04,1.33,1.34,2.81,0.80,1.37,1.46,0.17
C(4.27): 0.31,0.69,0.04,1.33,1.34,2.81,0.80,1.37,1.30,0.17
C(4.27): 0.31,0.69,0.04,1.33,1.34,2.81,0.80,1.21,1.46,0.17
C(4.27): 0.32,0.69,0.04,1.33,1.34,2.81,0.80,1.37,1.14,0.17
C(4.27): 0.32,0.69,0.04,1.33,1.34,2.81,0.80,1.53,1.30,0.17
C(4.27): 0.32,0.69,0.04,1.33,1.34,2.81,0.80,1.21,1.30,0.17
C(4.29): 0.32,0.69,0.04,1.33,1.34,2.81,0.80,1.21,1.14,0.17
C(4.29): 0.32,0.69,0.04,1.33,1.34,2.81,0.80,1.37,0.98,0.17
C(4.29): 0.32,0.69,0.04,1.33,1.34,2.81,0.80,1.53,1.14,0.17
C(4.29): 0.32,0.69,0.04,1.33,1.34,2.81,0.80,1.69,1.30,0.17
C(4.29): 0.32,0.69,0.04,1.33,1.34,2.81,0.80,1.05,1.30,0.17
C(4.29): 0.32,0.69,0.04,1.33,1.34,2.81,0.80,1.05,1.46,0.17
C(4.29): 0.32,0.69,0.04,1.33,1.34,2.81,0.80,1.53,2.09,0.17
C(4.21): 0.41,0.62,0.04,1.17,1.34,2.81,0.80,1.53,2.09,0.17
C(3.93): 0.47,0.54,0.04,1.01,1.34,2.81,0.80,1.53,2.09,0.17
C(3.88): 0.47,0.44,0.04,1.01,1.34,2.81,0.96,1.53,2.09,0.17
C(3.36): 0.46,0.41,0.04,0.85,1.34,2.81,0.96,1.53,2.09,0.17
C(3.00): 0.43,0.38,0.04,0.85,1.34,2.81,1.12,1.53,2.09,0.17
C(2.64): 0.38,0.37,0.04,0.85,1.34,2.81,1.28,1.53,2.09,0.17
C(2.50): 0.33,0.36,0.04,0.85,1.34,2.81,1.44,1.53,2.09,0.17
States Expanded: 92, found goal: 1
C(0.00): 0.55,0.45,0.04,0.35,0.20,1.70,1.03,2.77,2.10,3.05
C(10.26): 0.55,0.45,0.04,0.35,0.36,1.70,1.03,2.77,2.09,3.05
C(9.78): 0.56,0.45,0.04,0.35,0.52,1.70,1.03,2.77,2.09,3.05
C(9.32): 0.55,0.45,0.04,0.35,0.68,1.70,1.03,2.77,2.09,3.05
C(8.92): 0.55,0.46,0.04,0.35,0.84,1.70,1.03,2.77,2.09,3.05
C(8.56): 0.55,0.46,0.04,0.35,1.00,1.70,1.03,2.77,2.09,3.05
C(8.28): 0.55,0.46,0.04,0.35,1.16,1.70,1.03,2.77,2.09,3.05
C(8.03): 0.55,0.46,0.04,0.51,1.16,1.70,1.03,2.77,2.09,3.05
C(7.64): 0.55,0.46,0.04,0.67,1.16,1.70,1.03,2.77,2.09,3.05
C(7.15): 0.55,0.46,0.04,0.83,1.16,1.70,1.03,2.77,2.09,3.05
C(6.62): 0.55,0.46,0.04,0.99,1.16,1.70,1.03,2.77,2.09,3.05
C(6.22): 0.55,0.46,0.04,0.99,1.32,1.70,1.03,2.77,2.09,3.05
C(5.80): 0.55,0.45,0.04,1.15,1.32,1.70,1.03,2.77,2.09,3.05
C(5.44): 0.55,0.45,0.04,1.15,1.48,1.70,1.03,2.77,2.09,3.05
C(5.23): 0.55,0.46,0.04,1.15,1.64,1.70,1.03,2.77,2.09,3.05
C(5.01): 0.55,0.46,0.04,1.15,1.64,1.70,0.87,2.77,2.09,3.05
C(4.70): 0.55,0.41,0.04,1.15,1.64,1.86,0.87,2.77,2.09,3.05
C(4.35): 0.55,0.36,0.04,0.99,1.64,1.86,0.87,2.77,2.09,3.05
C(3.97): 0.49,0.34,0.04,0.99,1.64,2.02,0.87,2.77,2.09,3.05
C(3.81): 0.47,0.31,0.04,0.99,1.64,2.18,0.87,2.77,2.09,3.05
C(3.61): 0.45,0.27,0.04,0.99,1.64,2.18,1.03,2.77,2.09,3.05
C(3.43): 0.43,0.22,0.04,0.99,1.64,2.18,1.19,2.77,2.09,3.05
C(3.29): 0.41,0.19,0.04,0.99,1.64,2.18,1.35,2.77,2.09,3.05
C(3.17): 0.39,0.14,0.04,0.83,1.64,2.18,1.35,2.77,2.09,3.05
C(3.08): 0.37,0.11,0.04,0.83,1.64,2.18,1.51,2.77,2.09,3.05
C(3.07): 0.35,0.08,0.04,0.83,1.64,2.18,1.67,2.77,2.09,3.05
C(2.94): 0.34,0.08,0.04,0.83,1.64,2.27,1.67,2.77,2.09,3.05
C(2.93): 0.34,0.08,0.04,0.83,1.64,2.27,1.67,2.93,2.09,3.05
C(2.80): 0.30,0.07,0.04,0.83,1.64,2.27,1.83,2.93,2.09,3.05
States Expanded: 29, found goal: 1