Planning @ start 0.50, 0.50, 0.04, 0.51, 2.05, -0.11, 0.58, 0.01, 0.22, 0.00
Expanded: (0.50, 0.50, 0.04) (29.20, 117.39, -6.37, 33.17, 0.39, 12.72, 0.00)
Pos: 0.50,0.50
0.32 ?< 0.09
Expanded: (0.50, 0.50, 0.06) (37.86, 120.00, -6.37, 25.39, 0.39, 12.72, 0.00)
Pos: 0.50,0.50
0.32 ?< 0.09
Expanded: (0.50, 0.50, 0.06) (39.44, 120.00, -21.37, 25.39, 0.39, 12.72, -0.00)
Pos: 0.50,0.50
0.31 ?< 0.09
Expanded: (0.48, 0.52, 0.06) (39.44, 120.00, -36.37, 25.39, 0.39, 12.72, -0.00)
Pos: 0.48,0.52
0.30 ?< 0.09
Expanded: (0.40, 0.51, 0.06) (39.44, 120.00, -51.37, 25.39, 0.39, 12.72, -0.00)
Pos: 0.40,0.51
0.22 ?< 0.09
Expanded: (0.39, 0.52, 0.06) (38.44, 120.00, -51.37, 40.39, 0.39, 12.72, -0.00)
Pos: 0.39,0.52
0.20 ?< 0.09
Expanded: (0.32, 0.50, 0.06) (38.89, 120.00, -66.37, 40.39, 0.39, 12.72, -0.00)
Pos: 0.32,0.50
0.16 ?< 0.09
Expanded: (0.28, 0.50, 0.06) (37.77, 120.00, -66.37, 55.39, 0.39, 12.72, -0.00)
Pos: 0.28,0.50
0.13 ?< 0.09
Expanded: (0.27, 0.49, 0.06) (37.77, 120.00, -81.37, 55.39, 0.39, 12.72, -0.00)
Pos: 0.27,0.49
0.13 ?< 0.09
Expanded: (0.27, 0.50, 0.06) (37.77, 120.00, -86.81, 55.39, 0.39, 12.73, 0.00)
Pos: 0.27,0.50
0.12 ?< 0.09
Expanded: (0.27, 0.50, 0.06) (37.86, 120.00, -85.82, 56.09, 0.39, 27.73, 0.01)
Pos: 0.27,0.50
0.12 ?< 0.09
Expanded: (0.27, 0.51, 0.06) (37.94, 119.76, -85.82, 56.94, 0.39, 42.72, 0.06)
Pos: 0.27,0.51
0.12 ?< 0.09
Expanded: (0.26, 0.51, 0.06) (38.01, 119.74, -85.82, 57.70, 0.39, 57.71, 0.13)
Pos: 0.26,0.51
0.11 ?< 0.09
Expanded: (0.26, 0.51, 0.06) (38.06, 119.74, -85.82, 57.73, 0.39, 57.71, -14.87)
Pos: 0.26,0.51
0.11 ?< 0.09
Expanded: (0.26, 0.51, 0.06) (38.01, 119.75, -85.82, 57.70, 0.39, 57.71, 15.12)
Pos: 0.26,0.51
0.11 ?< 0.09
Expanded: (0.26, 0.51, 0.06) (38.24, 119.75, -85.82, 57.76, 0.39, 72.71, 15.13)
Pos: 0.26,0.51
0.11 ?< 0.09
Expanded: (0.26, 0.51, 0.06) (38.24, 120.00, -85.82, 57.76, 0.39, 87.71, 15.13)
Pos: 0.26,0.51
0.11 ?< 0.09
Expanded: (0.26, 0.51, 0.06) (38.24, 119.76, -85.82, 57.76, 0.39, 72.71, 30.11)
Pos: 0.26,0.51
0.11 ?< 0.09
Expanded: (0.26, 0.51, 0.06) (38.24, 119.76, -85.82, 57.76, 0.39, 72.71, 0.15)
Pos: 0.26,0.51
0.11 ?< 0.09
Expanded: (0.15, 0.53, 0.06) (51.28, 119.76, -85.82, 57.76, 0.38, 72.71, 0.12)
Pos: 0.15,0.53
0.09 ?< 0.09
Expanded: (0.14, 0.53, 0.06) (51.28, 119.76, -85.82, 57.76, 0.38, 57.71, 0.10)
Pos: 0.14,0.53
0.09 ?< 0.09
Expanded: (0.14, 0.53, 0.06) (51.28, 119.76, -85.82, 57.76, 0.38, 57.72, 15.08)
Pos: 0.14,0.53
0.09 ?< 0.09
Expanded: (0.14, 0.53, 0.06) (51.51, 119.75, -85.82, 57.76, 0.38, 72.71, 15.12)
Pos: 0.14,0.53
0.09 ?< 0.09
Expanded: (0.14, 0.53, 0.06) (51.32, 119.76, -85.82, 57.79, 0.38, 57.71, -14.89)
Pos: 0.14,0.53
0.09 ?< 0.09
Expanded: (0.14, 0.53, 0.06) (51.32, 120.00, -85.82, 57.79, 0.38, 42.71, -14.89)
Pos: 0.14,0.53
0.09 ?< 0.09
Expanded: (0.14, 0.53, 0.06) (51.32, 119.77, -85.82, 57.79, 0.38, 57.71, -29.86)
Pos: 0.14,0.53
0.09 ?< 0.09
Expanded: (0.14, 0.53, 0.06) (51.32, 119.78, -85.82, 57.79, 0.38, 72.71, -29.84)
Pos: 0.14,0.53
0.09 ?< 0.09
Expanded: (0.14, 0.54, 0.06) (51.32, 120.00, -85.82, 57.79, 0.38, 87.71, -29.84)
Pos: 0.14,0.54
0.09 ?< 0.09
States Expanded: 28
Found plan!
Exec params: fill: 0.57, fric: 0.13
Execution: 0.50, 0.50, 0.04
Execution: 0.50, 0.50, 0.04
Execution: 0.49, 0.51, 0.04
Execution: 0.42, 0.51, 0.05
Execution: 0.41, 0.53, 0.04
Execution: 0.26, 0.44, 0.03
Pos: 0.26,0.44
0.16 ?< 0.09
[ 2.59930860e-01  4.36492724e-01  3.16634747e-02  6.89642241e-01
  2.09439510e+00 -1.15842044e+00  7.04858335e-01  6.84032505e-03
  2.22083251e-01 -2.96176994e-06]
Execution successful: 0, bottle fell: 1
Planning @ start 0.50, 0.50, 0.04, 0.51, 2.05, -0.11, 0.58, 0.01, 0.22, 0.00
Expanded: (0.50, 0.50, 0.04) (29.20, 117.39, -6.37, 33.17, 0.39, 12.72, 0.00)
Pos: 0.50,0.50
0.32 ?< 0.09
Expanded: (0.50, 0.50, 0.05) (37.86, 120.00, -6.37, 25.39, 0.39, 12.72, 0.00)
Pos: 0.50,0.50
0.32 ?< 0.09
Expanded: (0.50, 0.50, 0.05) (39.44, 120.00, -21.37, 25.39, 0.39, 12.72, -0.00)
Pos: 0.50,0.50
0.32 ?< 0.09
Expanded: (0.49, 0.51, 0.05) (39.44, 120.00, -36.37, 25.39, 0.39, 12.72, -0.00)
Pos: 0.49,0.51
0.30 ?< 0.09
Expanded: (0.49, 0.51, 0.05) (39.44, 120.00, -36.37, 25.39, 15.39, 12.72, -0.00)
Pos: 0.49,0.51
0.30 ?< 0.09
Expanded: (0.49, 0.51, 0.05) (39.44, 120.00, -36.37, 25.39, 15.39, 12.72, 15.00)
Pos: 0.49,0.51
0.30 ?< 0.09
Expanded: (0.49, 0.51, 0.05) (39.44, 120.00, -36.37, 25.39, 30.39, 12.72, 15.00)
Pos: 0.49,0.51
0.30 ?< 0.09
Expanded: (0.49, 0.51, 0.05) (39.44, 120.00, -36.37, 25.39, 30.39, 12.72, 30.00)
Pos: 0.49,0.51
0.30 ?< 0.09
Expanded: (0.49, 0.51, 0.05) (39.44, 120.00, -36.37, 25.39, 30.39, 12.72, 45.00)
Pos: 0.49,0.51
0.30 ?< 0.09
Expanded: (0.49, 0.51, 0.05) (39.44, 120.00, -36.37, 25.39, 45.39, 12.72, 30.00)
Pos: 0.49,0.51
0.30 ?< 0.09
Expanded: (0.49, 0.51, 0.05) (39.44, 120.00, -36.37, 25.39, 30.39, 27.72, 30.00)
Pos: 0.49,0.51
0.30 ?< 0.09
Expanded: (0.47, 0.51, 0.05) (38.68, 118.86, -51.37, 25.39, 30.39, 27.72, 30.00)
Pos: 0.47,0.51
0.28 ?< 0.09
Expanded: (0.41, 0.56, 0.05) (47.49, 118.86, -51.37, 25.39, 30.39, 27.72, 30.00)
Pos: 0.41,0.56
0.21 ?< 0.09
Expanded: (0.41, 0.55, 0.06) (47.49, 119.11, -51.37, 25.39, 15.39, 27.72, 30.04)
Pos: 0.41,0.55
0.22 ?< 0.09
Expanded: (0.41, 0.55, 0.06) (47.49, 118.86, -51.37, 25.39, 30.39, 27.72, 15.02)
Pos: 0.41,0.55
0.22 ?< 0.09
Expanded: (0.41, 0.55, 0.05) (47.38, 118.84, -51.37, 25.39, 30.39, 27.72, 45.00)
Pos: 0.41,0.55
0.22 ?< 0.09
Expanded: (0.41, 0.55, 0.05) (47.30, 118.78, -51.37, 25.39, 45.39, 27.72, 30.00)
Pos: 0.41,0.55
0.22 ?< 0.09
Expanded: (0.41, 0.55, 0.06) (47.30, 118.79, -51.37, 25.38, 45.39, 27.73, 44.96)
Pos: 0.41,0.55
0.22 ?< 0.09
Expanded: (0.41, 0.56, 0.06) (47.49, 118.34, -51.37, 26.44, 30.39, 42.72, 30.00)
Pos: 0.41,0.56
0.22 ?< 0.09
Expanded: (0.41, 0.55, 0.06) (47.30, 118.18, -51.37, 26.38, 45.39, 42.72, 30.00)
Pos: 0.41,0.55
0.22 ?< 0.09
Expanded: (0.41, 0.56, 0.06) (47.49, 118.35, -51.37, 26.44, 30.39, 42.73, 44.97)
Pos: 0.41,0.56
0.21 ?< 0.09
Expanded: (0.41, 0.56, 0.06) (47.49, 118.34, -51.37, 26.45, 30.39, 42.72, 15.00)
Pos: 0.41,0.56
0.21 ?< 0.09
Plan/Exec Loop Timed out!
Planning failed!
Planning @ start 0.50, 0.50, 0.04, 0.51, 2.05, -0.11, 0.58, 0.01, 0.22, 0.00
Expanded: (0.50, 0.50, 0.04) (29.20, 117.39, -6.37, 33.17, 0.39, 12.72, 0.00)
Pos: 0.50,0.50
0.32 ?< 0.09
Expanded: (0.50, 0.50, 0.04) (37.86, 120.00, -6.37, 25.39, 0.39, 12.72, 0.00)
Pos: 0.50,0.50
0.32 ?< 0.09
Expanded: (0.50, 0.50, 0.04) (39.44, 120.00, -21.37, 25.39, 0.39, 12.72, -0.00)
Pos: 0.50,0.50
0.32 ?< 0.09
Expanded: (0.49, 0.51, 0.04) (39.44, 120.00, -36.37, 25.39, 0.39, 12.72, -0.00)
Pos: 0.49,0.51
0.30 ?< 0.09
Expanded: (0.43, 0.51, 0.05) (39.44, 120.00, -51.37, 25.39, 0.39, 12.72, -0.00)
Pos: 0.43,0.51
0.25 ?< 0.09
Expanded: (0.43, 0.52, 0.04) (39.44, 117.80, -66.37, 25.39, 0.39, 12.72, -0.00)
Pos: 0.43,0.52
0.24 ?< 0.09
Expanded: (0.34, 0.59, 0.04) (50.46, 117.80, -66.37, 25.39, 0.39, 12.72, -0.00)
Pos: 0.34,0.59
0.14 ?< 0.09
Expanded: (0.15, 0.63, 0.04) (67.09, 117.80, -66.37, 25.39, 0.39, 12.72, -0.00)
Pos: 0.15,0.63
0.06 ?< 0.09
States Expanded: 8
Found plan!
Exec params: fill: 0.78, fric: 0.13
Execution: 0.50, 0.50, 0.06
Execution: 0.50, 0.50, 0.06
Execution: 0.48, 0.51, 0.06
Execution: 0.42, 0.52, 0.06
Execution: 0.42, 0.51, 0.06
Execution: 0.33, 0.58, 0.06
Execution: 0.16, 0.63, 0.06
Pos: 0.16,0.63
0.01 ?< 0.09
[ 1.63720844e-01  6.31908739e-01  5.94005169e-02  1.15460204e+00
  2.05600543e+00 -1.15841781e+00  4.43060784e-01  6.83745633e-03
  2.22088177e-01 -7.22406021e-05]
Execution successful: 1, bottle fell: 0
Planning @ start 0.50, 0.50, 0.04, 0.51, 2.05, -0.11, 0.58, 0.01, 0.22, 0.00
Expanded: (0.50, 0.50, 0.04) (29.20, 117.39, -6.37, 33.17, 0.39, 12.72, 0.00)
Pos: 0.50,0.50
0.32 ?< 0.09
Expanded: (0.50, 0.50, 0.04) (37.86, 120.00, -6.37, 25.39, 0.39, 12.72, 0.00)
Pos: 0.50,0.50
0.32 ?< 0.09
Expanded: (0.50, 0.50, 0.04) (39.44, 120.00, -21.37, 25.39, 0.39, 12.72, -0.00)
Pos: 0.50,0.50
0.32 ?< 0.09
Expanded: (0.49, 0.51, 0.04) (39.44, 120.00, -36.37, 25.39, 0.39, 12.72, -0.00)
Pos: 0.49,0.51
0.30 ?< 0.09
Expanded: (0.43, 0.52, 0.04) (39.44, 120.00, -51.37, 25.39, 0.39, 12.72, -0.00)
Pos: 0.43,0.52
0.24 ?< 0.09
Expanded: (0.43, 0.52, 0.04) (39.44, 117.80, -66.37, 25.39, 0.39, 12.72, -0.00)
Pos: 0.43,0.52
0.24 ?< 0.09
Expanded: (0.33, 0.59, 0.04) (50.52, 117.80, -66.37, 25.39, 0.39, 12.72, -0.00)
Pos: 0.33,0.59
0.14 ?< 0.09
Expanded: (0.15, 0.63, 0.04) (67.22, 117.80, -66.37, 25.39, 0.39, 12.72, -0.00)
Pos: 0.15,0.63
0.06 ?< 0.09
States Expanded: 8
Found plan!
Exec params: fill: 0.53, fric: 0.15
Execution: 0.50, 0.50, 0.04
Execution: 0.50, 0.50, 0.04
Execution: 0.49, 0.51, 0.04
Execution: 0.39, 0.50, 0.03
Pos: 0.39,0.50
0.27 ?< 0.09
[ 3.86671334e-01  5.04845922e-01  3.13678600e-02  6.88399350e-01
  2.09439510e+00 -8.96621562e-01  4.43060623e-01  6.84049351e-03
  2.22083048e-01 -3.12819170e-06]
Execution successful: 0, bottle fell: 1
Planning @ start 0.50, 0.50, 0.04, 0.51, 2.05, -0.11, 0.58, 0.01, 0.22, 0.00
Expanded: (0.50, 0.50, 0.04) (29.20, 117.39, -6.37, 33.17, 0.39, 12.72, 0.00)
Pos: 0.50,0.50
0.32 ?< 0.09
Expanded: (0.50, 0.50, 0.06) (37.86, 120.00, -6.37, 25.39, 0.39, 12.72, 0.00)
Pos: 0.50,0.50
0.32 ?< 0.09
Expanded: (0.50, 0.50, 0.06) (39.38, 120.00, -21.37, 25.39, 0.39, 12.72, -0.00)
Pos: 0.50,0.50
0.31 ?< 0.09
Expanded: (0.48, 0.52, 0.06) (39.38, 120.00, -36.37, 25.39, 0.39, 12.72, -0.00)
Pos: 0.48,0.52
0.29 ?< 0.09
Expanded: (0.38, 0.52, 0.06) (39.38, 120.00, -51.37, 25.39, 0.39, 12.72, -0.00)
Pos: 0.38,0.52
0.19 ?< 0.09
Expanded: (0.38, 0.52, 0.06) (39.31, 120.00, -51.37, 40.39, 0.39, 12.72, -0.00)
Pos: 0.38,0.52
0.19 ?< 0.09
Expanded: (0.36, 0.55, 0.06) (39.59, 120.00, -51.37, 55.39, 0.39, 12.72, -0.00)
Pos: 0.36,0.55
0.17 ?< 0.09
Expanded: (0.36, 0.55, 0.06) (39.59, 120.00, -51.37, 55.39, 0.39, 12.72, 15.00)
Pos: 0.36,0.55
0.17 ?< 0.09
Expanded: (0.36, 0.55, 0.06) (39.59, 120.00, -51.37, 55.39, 0.39, 12.72, -15.00)
Pos: 0.36,0.55
0.17 ?< 0.09
Expanded: (0.36, 0.55, 0.06) (39.59, 120.00, -51.37, 55.39, -14.61, 12.72, -0.00)
Pos: 0.36,0.55
0.17 ?< 0.09
Expanded: (0.36, 0.55, 0.06) (39.59, 120.00, -51.37, 55.39, 15.39, 12.72, -0.00)
Pos: 0.36,0.55
0.17 ?< 0.09
Expanded: (0.36, 0.55, 0.06) (39.59, 120.00, -51.37, 55.39, 0.39, 27.72, -0.00)
Pos: 0.36,0.55
0.17 ?< 0.09
Expanded: (0.36, 0.55, 0.06) (39.59, 120.00, -51.37, 55.39, 0.39, -2.28, -0.00)
Pos: 0.36,0.55
0.17 ?< 0.09
Expanded: (0.36, 0.55, 0.06) (39.59, 120.00, -51.37, 55.39, 0.39, 12.72, -30.00)
Pos: 0.36,0.55
0.17 ?< 0.09
Expanded: (0.36, 0.55, 0.06) (39.59, 120.00, -51.37, 55.39, 0.39, 12.72, 30.00)
Pos: 0.36,0.55
0.17 ?< 0.09
Expanded: (0.36, 0.55, 0.06) (39.59, 120.00, -51.37, 55.39, -29.61, 12.72, -0.00)
Pos: 0.36,0.55
0.17 ?< 0.09
Expanded: (0.36, 0.55, 0.06) (39.59, 120.00, -51.37, 55.39, 15.39, 12.72, -15.00)
Pos: 0.36,0.55
0.17 ?< 0.09
Expanded: (0.36, 0.55, 0.06) (39.59, 120.00, -51.37, 55.39, 15.39, 12.72, 15.00)
Pos: 0.36,0.55
0.17 ?< 0.09
Expanded: (0.36, 0.55, 0.06) (39.59, 120.00, -51.37, 55.39, -14.61, 27.72, -0.00)
Pos: 0.36,0.55
0.17 ?< 0.09
Expanded: (0.36, 0.55, 0.06) (39.59, 120.00, -51.37, 55.39, -14.61, 12.72, 15.00)
Pos: 0.36,0.55
0.17 ?< 0.09
Expanded: (0.36, 0.55, 0.06) (39.59, 120.00, -51.37, 55.39, -14.61, 12.72, -15.00)
Pos: 0.36,0.55
0.17 ?< 0.09
Expanded: (0.36, 0.55, 0.06) (39.59, 120.00, -51.37, 55.39, 0.39, 12.72, 45.00)
Pos: 0.36,0.55
0.17 ?< 0.09
Expanded: (0.36, 0.55, 0.06) (39.59, 120.00, -51.37, 55.39, 0.39, 12.72, -45.00)
Pos: 0.36,0.55
0.17 ?< 0.09
Expanded: (0.36, 0.55, 0.06) (39.59, 120.00, -51.37, 55.39, -14.61, 12.72, -30.00)
Pos: 0.36,0.55
0.17 ?< 0.09
Expanded: (0.36, 0.55, 0.06) (39.59, 120.00, -51.37, 55.39, -14.61, 12.72, 30.00)
Pos: 0.36,0.55
0.17 ?< 0.09
Expanded: (0.36, 0.55, 0.06) (39.59, 120.00, -51.37, 55.39, -44.61, 12.72, -0.00)
Pos: 0.36,0.55
0.17 ?< 0.09
Expanded: (0.36, 0.55, 0.06) (39.59, 120.00, -51.37, 55.39, -59.61, 12.72, -0.00)
Pos: 0.36,0.55
0.17 ?< 0.09
Expanded: (0.36, 0.56, 0.06) (39.59, 120.00, -51.37, 55.39, -74.61, 12.72, -0.00)
Pos: 0.36,0.56
0.16 ?< 0.09
Expanded: (0.35, 0.56, 0.06) (39.59, 120.00, -51.37, 55.39, -89.61, 12.72, -0.00)
Pos: 0.35,0.56
0.15 ?< 0.09
Expanded: (0.34, 0.57, 0.06) (39.59, 120.00, -51.37, 55.39, -104.61, 12.72, -0.00)
Pos: 0.34,0.57
0.14 ?< 0.09
Expanded: (0.33, 0.58, 0.06) (39.59, 120.00, -51.37, 55.39, -119.61, 12.72, -0.00)
Pos: 0.33,0.58
0.13 ?< 0.09
Expanded: (0.32, 0.58, 0.06) (39.59, 120.00, -51.37, 55.39, -134.61, 12.72, -0.00)
Pos: 0.32,0.58
0.12 ?< 0.09
Expanded: (0.32, 0.58, 0.06) (39.59, 120.00, -51.37, 55.39, -149.61, 12.72, -0.00)
Pos: 0.32,0.58
0.12 ?< 0.09
Expanded: (0.32, 0.58, 0.06) (39.59, 120.00, -51.37, 55.39, -164.61, 12.72, -0.00)
Pos: 0.32,0.58
0.12 ?< 0.09
Expanded: (0.32, 0.58, 0.06) (39.59, 120.00, -51.37, 55.39, -164.61, 12.72, -15.00)
Pos: 0.32,0.58
0.12 ?< 0.09
Plan/Exec Loop Timed out!
Planning failed!
Planning @ start 0.50, 0.50, 0.04, 0.51, 2.05, -0.11, 0.58, 0.01, 0.22, 0.00
Expanded: (0.50, 0.50, 0.04) (29.20, 117.39, -6.37, 33.17, 0.39, 12.72, 0.00)
Pos: 0.50,0.50
0.32 ?< 0.09
Expanded: (0.50, 0.50, 0.06) (37.86, 120.00, -6.37, 25.39, 0.39, 12.72, 0.00)
Pos: 0.50,0.50
0.32 ?< 0.09
Expanded: (0.50, 0.50, 0.06) (38.97, 120.00, -21.37, 25.39, 0.39, 12.72, -0.00)
Pos: 0.50,0.50
0.31 ?< 0.09
Expanded: (0.48, 0.51, 0.06) (38.97, 120.00, -36.37, 25.39, 0.39, 12.72, -0.00)
Pos: 0.48,0.51
0.30 ?< 0.09
Expanded: (0.41, 0.52, 0.06) (38.97, 120.00, -51.37, 25.39, 0.39, 12.72, -0.00)
Pos: 0.41,0.52
0.22 ?< 0.09
Expanded: (0.39, 0.53, 0.06) (38.13, 120.00, -51.37, 40.39, 0.39, 12.72, -0.00)
Pos: 0.39,0.53
0.20 ?< 0.09
Expanded: (0.40, 0.54, 0.06) (38.13, 120.00, -51.37, 40.39, 0.39, 12.72, -15.00)
Pos: 0.40,0.54
0.21 ?< 0.09
Expanded: (0.40, 0.54, 0.06) (38.13, 120.00, -51.37, 40.39, 0.39, 12.72, 15.00)
Pos: 0.40,0.54
0.21 ?< 0.09
Expanded: (0.40, 0.54, 0.06) (38.13, 120.00, -51.37, 40.39, -14.61, 12.72, -0.00)
Pos: 0.40,0.54
0.21 ?< 0.09
Expanded: (0.40, 0.54, 0.06) (38.13, 120.00, -51.37, 40.39, 15.39, 12.72, -0.00)
Pos: 0.40,0.54
0.21 ?< 0.09
Expanded: (0.40, 0.54, 0.06) (38.13, 120.00, -51.37, 40.39, 0.39, 27.72, -0.00)
Pos: 0.40,0.54
0.21 ?< 0.09
Expanded: (0.40, 0.54, 0.06) (38.13, 120.00, -51.37, 40.39, 0.39, -2.28, -0.00)
Pos: 0.40,0.54
0.21 ?< 0.09
Expanded: (0.35, 0.53, 0.06) (38.10, 120.00, -51.37, 55.39, 0.39, 12.72, -0.00)
Pos: 0.35,0.53
0.17 ?< 0.09
Expanded: (0.35, 0.53, 0.06) (38.10, 120.00, -51.37, 55.39, 0.39, 12.72, 15.00)
Pos: 0.35,0.53
0.16 ?< 0.09
Expanded: (0.34, 0.53, 0.06) (38.10, 120.00, -51.37, 55.39, 0.39, 12.72, 30.00)
Pos: 0.34,0.53
0.16 ?< 0.09
Expanded: (0.34, 0.53, 0.06) (38.10, 120.00, -51.37, 55.39, -14.61, 12.72, 15.00)
Pos: 0.34,0.53
0.16 ?< 0.09
Expanded: (0.34, 0.53, 0.06) (38.10, 120.00, -51.37, 55.39, 15.39, 12.72, 15.00)
Pos: 0.34,0.53
0.16 ?< 0.09
Expanded: (0.34, 0.53, 0.06) (38.10, 120.00, -51.37, 55.39, 0.39, 12.72, 45.00)
Pos: 0.34,0.53
0.15 ?< 0.09
Expanded: (0.33, 0.53, 0.06) (38.10, 120.00, -51.37, 55.39, 0.39, 12.72, 60.00)
Pos: 0.33,0.53
0.15 ?< 0.09
Expanded: (0.33, 0.53, 0.06) (38.10, 120.00, -51.37, 55.39, 0.39, 12.72, 75.00)
Pos: 0.33,0.53
0.14 ?< 0.09
Expanded: (0.33, 0.53, 0.06) (38.10, 120.00, -51.37, 55.39, -14.61, 12.72, 45.00)
Pos: 0.33,0.53
0.15 ?< 0.09
Expanded: (0.33, 0.53, 0.06) (38.10, 120.00, -51.37, 55.39, 15.39, 12.72, 45.00)
Pos: 0.33,0.53
0.15 ?< 0.09
Expanded: (0.33, 0.53, 0.06) (38.10, 120.00, -51.37, 55.39, 15.39, 12.72, 60.00)
Pos: 0.33,0.53
0.14 ?< 0.09
Expanded: (0.33, 0.53, 0.06) (38.10, 120.00, -51.37, 55.39, -14.61, 12.72, 60.00)
Pos: 0.33,0.53
0.14 ?< 0.09
Expanded: (0.33, 0.53, 0.06) (38.10, 120.00, -51.37, 55.39, 30.39, 12.72, 45.00)
Pos: 0.33,0.53
0.14 ?< 0.09
Expanded: (0.33, 0.53, 0.06) (38.10, 120.00, -51.37, 55.39, -29.61, 12.72, 45.00)
Pos: 0.33,0.53
0.14 ?< 0.09
Expanded: (0.35, 0.53, 0.06) (38.10, 120.00, -51.37, 55.39, 0.39, 12.72, -15.00)
Pos: 0.35,0.53
0.16 ?< 0.09
Expanded: (0.34, 0.53, 0.06) (38.10, 120.00, -51.37, 55.39, 0.39, 12.72, -30.00)
Pos: 0.34,0.53
0.16 ?< 0.09
Expanded: (0.34, 0.53, 0.06) (38.10, 120.00, -51.37, 55.39, -14.61, 12.72, -15.00)
Pos: 0.34,0.53
0.16 ?< 0.09
Expanded: (0.34, 0.53, 0.06) (38.10, 120.00, -51.37, 55.39, 15.39, 12.72, -15.00)
Pos: 0.34,0.53
0.16 ?< 0.09
Expanded: (0.34, 0.53, 0.06) (38.10, 120.00, -51.37, 55.39, 0.39, 12.72, -45.00)
Pos: 0.34,0.53
0.15 ?< 0.09
Expanded: (0.33, 0.53, 0.06) (38.10, 120.00, -51.37, 55.39, 0.39, 12.72, -60.00)
Pos: 0.33,0.53
0.15 ?< 0.09
Expanded: (0.33, 0.53, 0.06) (38.10, 120.00, -51.37, 55.39, 0.39, 12.72, -75.00)
Pos: 0.33,0.53
0.14 ?< 0.09
Expanded: (0.33, 0.53, 0.06) (38.10, 120.00, -51.37, 55.39, -14.61, 12.72, -45.00)
Pos: 0.33,0.53
0.15 ?< 0.09
Expanded: (0.33, 0.53, 0.06) (38.10, 120.00, -51.37, 55.39, 15.39, 12.72, -45.00)
Pos: 0.33,0.53
0.15 ?< 0.09
Plan/Exec Loop Timed out!
Planning failed!
Planning @ start 0.50, 0.50, 0.04, 0.51, 2.05, -0.11, 0.58, 0.01, 0.22, 0.00
Expanded: (0.50, 0.50, 0.04) (29.20, 117.39, -6.37, 33.17, 0.39, 12.72, 0.00)
Pos: 0.50,0.50
0.32 ?< 0.09
Expanded: (0.50, 0.50, 0.05) (37.86, 120.00, -6.37, 25.39, 0.39, 12.72, 0.00)
Pos: 0.50,0.50
0.32 ?< 0.09
Expanded: (0.50, 0.50, 0.05) (39.44, 120.00, -21.37, 25.39, 0.39, 12.72, -0.00)
Pos: 0.50,0.50
0.31 ?< 0.09
Expanded: (0.49, 0.51, 0.05) (39.44, 120.00, -36.37, 25.39, 0.39, 12.72, -0.00)
Pos: 0.49,0.51
0.30 ?< 0.09
Expanded: (0.49, 0.51, 0.05) (39.44, 120.00, -36.37, 25.39, 15.39, 12.72, -0.00)
Pos: 0.49,0.51
0.31 ?< 0.09
Expanded: (0.49, 0.51, 0.05) (39.44, 120.00, -36.37, 25.39, 15.39, 12.72, 15.00)
Pos: 0.49,0.51
0.30 ?< 0.09
Expanded: (0.49, 0.51, 0.05) (39.44, 120.00, -36.37, 25.39, 30.39, 12.72, 15.00)
Pos: 0.49,0.51
0.30 ?< 0.09
Expanded: (0.49, 0.51, 0.05) (39.44, 120.00, -36.37, 25.39, 30.39, 12.72, 30.00)
Pos: 0.49,0.51
0.30 ?< 0.09
Expanded: (0.49, 0.51, 0.05) (39.44, 120.00, -36.37, 25.39, 45.39, 12.72, 15.00)
Pos: 0.49,0.51
0.30 ?< 0.09
Expanded: (0.41, 0.49, 0.05) (39.44, 120.00, -51.37, 25.39, 45.39, 12.72, 15.00)
Pos: 0.41,0.49
0.23 ?< 0.09
Expanded: (0.40, 0.51, 0.05) (38.47, 120.00, -51.37, 40.39, 45.39, 12.72, 15.00)
Pos: 0.40,0.51
0.21 ?< 0.09
Expanded: (0.36, 0.52, 0.05) (37.60, 120.00, -66.37, 40.39, 45.39, 12.72, 15.00)
Pos: 0.36,0.52
0.18 ?< 0.09
Expanded: (0.35, 0.53, 0.05) (38.34, 120.00, -66.37, 55.39, 45.39, 12.72, 15.00)
Pos: 0.35,0.53
0.16 ?< 0.09
Expanded: (0.35, 0.53, 0.05) (38.34, 120.00, -66.37, 55.39, 30.39, 12.72, 15.00)
Pos: 0.35,0.53
0.17 ?< 0.09
Expanded: (0.36, 0.54, 0.06) (38.34, 120.00, -66.37, 55.39, 15.39, 12.72, 15.00)
Pos: 0.36,0.54
0.17 ?< 0.09
Expanded: (0.37, 0.54, 0.06) (38.34, 120.00, -66.37, 55.39, 0.39, 12.72, 15.00)
Pos: 0.37,0.54
0.18 ?< 0.09
Expanded: (0.37, 0.54, 0.06) (38.34, 120.00, -66.37, 55.39, 15.39, 12.72, 30.00)
Pos: 0.37,0.54
0.18 ?< 0.09
Expanded: (0.37, 0.54, 0.06) (38.34, 120.00, -66.37, 55.39, 15.39, 12.72, -0.00)
Pos: 0.37,0.54
0.18 ?< 0.09
Expanded: (0.36, 0.54, 0.06) (38.34, 120.00, -66.37, 55.39, 30.39, 12.72, -0.00)
Pos: 0.36,0.54
0.17 ?< 0.09
Expanded: (0.37, 0.54, 0.06) (38.34, 120.00, -66.37, 55.39, 30.39, 12.72, -15.00)
Pos: 0.37,0.54
0.18 ?< 0.09
Expanded: (0.36, 0.54, 0.06) (38.34, 120.00, -66.37, 55.39, 30.39, 12.72, 30.00)
Pos: 0.36,0.54
0.17 ?< 0.09
Expanded: (0.37, 0.54, 0.06) (38.34, 120.00, -66.37, 55.39, 30.39, 12.72, 45.00)
Pos: 0.37,0.54
0.18 ?< 0.09
Expanded: (0.37, 0.54, 0.06) (38.34, 120.00, -66.37, 55.39, 30.39, -2.28, -0.00)
Pos: 0.37,0.54
0.18 ?< 0.09
Expanded: (0.37, 0.54, 0.06) (38.34, 120.00, -66.37, 55.39, 30.39, -2.28, 30.00)
Pos: 0.37,0.54
0.18 ?< 0.09
Expanded: (0.37, 0.54, 0.06) (38.34, 120.00, -66.37, 55.39, 15.39, -2.28, 15.00)
Pos: 0.37,0.54
0.18 ?< 0.09
Expanded: (0.36, 0.54, 0.06) (38.34, 120.00, -66.37, 55.39, 30.39, -2.28, 15.00)
Pos: 0.36,0.54
0.17 ?< 0.09
Expanded: (0.37, 0.54, 0.06) (38.34, 120.00, -66.37, 55.39, 15.39, 27.72, 15.00)
Pos: 0.37,0.54
0.18 ?< 0.09
Expanded: (0.36, 0.54, 0.06) (38.34, 120.00, -66.37, 55.39, 30.39, 27.72, 15.00)
Pos: 0.36,0.54
0.17 ?< 0.09
Expanded: (0.37, 0.54, 0.06) (38.34, 120.00, -66.37, 55.39, 30.39, 27.72, -0.00)
Pos: 0.37,0.54
0.18 ?< 0.09
Expanded: (0.37, 0.54, 0.06) (38.34, 120.00, -66.37, 55.39, 30.39, 27.72, 30.00)
Pos: 0.37,0.54
0.18 ?< 0.09
Expanded: (0.37, 0.54, 0.06) (38.34, 120.00, -66.37, 55.39, 30.39, -17.28, 15.00)
Pos: 0.37,0.54
0.18 ?< 0.09
Expanded: (0.35, 0.53, 0.05) (38.34, 120.00, -66.37, 55.39, 45.39, 12.72, -0.00)
Pos: 0.35,0.53
0.17 ?< 0.09
Expanded: (0.36, 0.54, 0.06) (38.34, 120.00, -66.37, 55.39, 45.39, 12.72, -15.00)
Pos: 0.36,0.54
0.17 ?< 0.09
Plan/Exec Loop Timed out!
Planning failed!
Planning @ start 0.50, 0.50, 0.04, 0.51, 2.05, -0.11, 0.58, 0.01, 0.22, 0.00
Expanded: (0.50, 0.50, 0.04) (29.20, 117.39, -6.37, 33.17, 0.39, 12.72, 0.00)
Pos: 0.50,0.50
0.32 ?< 0.09
Expanded: (0.50, 0.50, 0.06) (37.86, 120.00, -6.37, 25.39, 0.39, 12.72, 0.00)
Pos: 0.50,0.50
0.32 ?< 0.09
Expanded: (0.50, 0.50, 0.06) (38.36, 120.00, -21.37, 25.39, 0.39, 12.72, -0.00)
Pos: 0.50,0.50
0.31 ?< 0.09
Expanded: (0.49, 0.50, 0.06) (38.36, 120.00, -36.37, 25.39, 0.39, 12.72, -0.00)
Pos: 0.49,0.50
0.30 ?< 0.09
Expanded: (0.44, 0.51, 0.06) (38.36, 120.00, -51.37, 25.39, 0.39, 12.72, -0.00)
Pos: 0.44,0.51
0.26 ?< 0.09
Expanded: (0.43, 0.54, 0.06) (38.27, 120.00, -51.37, 40.39, 0.39, 12.72, -0.00)
Pos: 0.43,0.54
0.24 ?< 0.09
Expanded: (0.44, 0.55, 0.07) (38.27, 120.00, -51.37, 40.39, 0.39, 12.72, 15.00)
Pos: 0.44,0.55
0.24 ?< 0.09
Expanded: (0.43, 0.55, 0.07) (38.27, 120.00, -51.37, 40.39, 0.39, 27.72, 15.00)
Pos: 0.43,0.55
0.24 ?< 0.09
Expanded: (0.44, 0.55, 0.07) (38.27, 120.00, -51.37, 40.39, -14.61, 12.72, 15.00)
Pos: 0.44,0.55
0.25 ?< 0.09
Expanded: (0.44, 0.55, 0.07) (38.27, 120.00, -51.37, 40.39, 0.39, 12.72, 30.00)
Pos: 0.44,0.55
0.25 ?< 0.09
Expanded: (0.44, 0.55, 0.07) (38.27, 120.00, -51.37, 40.39, 0.39, 12.72, -15.00)
Pos: 0.44,0.55
0.24 ?< 0.09
Expanded: (0.43, 0.55, 0.07) (38.27, 120.00, -51.37, 40.39, 0.39, 27.72, -15.00)
Pos: 0.43,0.55
0.24 ?< 0.09
Expanded: (0.44, 0.55, 0.07) (38.27, 120.00, -51.37, 40.39, -14.61, 12.72, -15.00)
Pos: 0.44,0.55
0.25 ?< 0.09
Expanded: (0.44, 0.55, 0.07) (38.27, 120.00, -51.37, 40.39, 0.39, 12.72, -30.00)
Pos: 0.44,0.55
0.25 ?< 0.09
Expanded: (0.44, 0.55, 0.07) (38.27, 120.00, -51.37, 40.39, -14.61, 12.72, -0.00)
Pos: 0.44,0.55
0.24 ?< 0.09
Expanded: (0.44, 0.55, 0.07) (38.27, 120.00, -51.37, 40.39, -29.61, 12.72, -0.00)
Pos: 0.44,0.55
0.25 ?< 0.09
Expanded: (0.44, 0.55, 0.07) (38.27, 120.00, -51.37, 40.39, -14.61, -2.28, -0.00)
Pos: 0.44,0.55
0.25 ?< 0.09
Expanded: (0.45, 0.55, 0.07) (38.27, 120.00, -51.37, 40.39, 15.39, 12.72, -15.00)
Pos: 0.45,0.55
0.25 ?< 0.09
Expanded: (0.45, 0.55, 0.07) (38.27, 120.00, -51.37, 40.39, 15.39, 12.72, 15.00)
Pos: 0.45,0.55
0.25 ?< 0.09
Expanded: (0.44, 0.55, 0.07) (38.27, 120.00, -51.37, 40.39, 0.39, -2.28, -15.00)
Pos: 0.44,0.55
0.25 ?< 0.09
Expanded: (0.44, 0.55, 0.07) (38.27, 120.00, -51.37, 40.39, 0.39, -2.28, 15.00)
Pos: 0.44,0.55
0.25 ?< 0.09
Expanded: (0.44, 0.55, 0.07) (38.27, 120.00, -51.37, 40.39, 0.39, 27.72, -0.00)
Pos: 0.44,0.55
0.24 ?< 0.09
Expanded: (0.44, 0.55, 0.07) (38.27, 120.00, -51.37, 40.39, -14.61, 27.72, -0.00)
Pos: 0.44,0.55
0.25 ?< 0.09
Expanded: (0.44, 0.55, 0.06) (38.27, 120.00, -51.37, 40.39, 0.39, -2.28, -0.00)
Pos: 0.44,0.55
0.24 ?< 0.09
Expanded: (0.45, 0.55, 0.07) (38.27, 120.00, -51.37, 40.39, 15.39, -2.28, -0.00)
Pos: 0.45,0.55
0.25 ?< 0.09
Plan/Exec Loop Timed out!
Planning failed!
Planning @ start 0.50, 0.50, 0.04, 0.51, 2.05, -0.11, 0.58, 0.01, 0.22, 0.00
Expanded: (0.50, 0.50, 0.04) (29.20, 117.39, -6.37, 33.17, 0.39, 12.72, 0.00)
Pos: 0.50,0.50
0.32 ?< 0.09
Expanded: (0.50, 0.50, 0.05) (37.86, 120.00, -6.37, 25.39, 0.39, 12.72, 0.00)
Pos: 0.50,0.50
0.32 ?< 0.09
Expanded: (0.50, 0.50, 0.05) (39.44, 120.00, -21.37, 25.39, 0.39, 12.72, -0.00)
Pos: 0.50,0.50
0.31 ?< 0.09
Expanded: (0.49, 0.52, 0.05) (39.44, 120.00, -36.37, 25.39, 0.39, 12.72, -0.00)
Pos: 0.49,0.52
0.30 ?< 0.09
Expanded: (0.49, 0.51, 0.05) (39.44, 120.00, -36.37, 25.39, 15.39, 12.72, -0.00)
Pos: 0.49,0.51
0.30 ?< 0.09
Expanded: (0.49, 0.51, 0.05) (39.44, 120.00, -36.37, 25.39, 0.39, 27.72, -0.00)
Pos: 0.49,0.51
0.30 ?< 0.09
Expanded: (0.49, 0.51, 0.05) (39.44, 120.00, -36.37, 25.39, 0.39, 12.72, -15.00)
Pos: 0.49,0.51
0.30 ?< 0.09
Expanded: (0.49, 0.51, 0.05) (39.44, 120.00, -36.37, 25.39, 0.39, 12.72, 15.00)
Pos: 0.49,0.51
0.30 ?< 0.09
Expanded: (0.49, 0.52, 0.05) (39.44, 120.00, -36.37, 25.39, 15.39, 12.72, -15.00)
Pos: 0.49,0.52
0.30 ?< 0.09
Expanded: (0.41, 0.50, 0.05) (39.44, 120.00, -51.37, 25.39, 15.39, 12.72, -15.00)
Pos: 0.41,0.50
0.23 ?< 0.09
Expanded: (0.40, 0.52, 0.05) (38.97, 120.00, -51.37, 40.39, 15.39, 12.72, -15.00)
Pos: 0.40,0.52
0.21 ?< 0.09
Expanded: (0.40, 0.52, 0.05) (38.97, 120.00, -51.37, 40.39, 15.39, 12.72, -0.00)
Pos: 0.40,0.52
0.21 ?< 0.09
Expanded: (0.40, 0.52, 0.05) (38.97, 120.00, -51.37, 40.39, 15.39, 12.72, 15.00)
Pos: 0.40,0.52
0.21 ?< 0.09
Expanded: (0.40, 0.52, 0.05) (38.97, 120.00, -51.37, 40.39, 30.39, 12.72, -0.00)
Pos: 0.40,0.52
0.21 ?< 0.09
Expanded: (0.40, 0.52, 0.05) (38.97, 120.00, -51.37, 40.39, 0.39, 12.72, -0.00)
Pos: 0.40,0.52
0.21 ?< 0.09
Expanded: (0.40, 0.52, 0.05) (38.97, 120.00, -51.37, 40.39, -14.61, 12.72, -0.00)
Pos: 0.40,0.52
0.21 ?< 0.09
Expanded: (0.40, 0.52, 0.05) (38.97, 120.00, -51.37, 40.39, -14.61, 12.72, -15.00)
Pos: 0.40,0.52
0.21 ?< 0.09
Expanded: (0.40, 0.52, 0.05) (38.97, 120.00, -51.37, 40.39, -14.61, 12.72, 15.00)
Pos: 0.40,0.52
0.21 ?< 0.09
Expanded: (0.40, 0.52, 0.05) (38.97, 120.00, -51.37, 40.39, -14.61, -2.28, -0.00)
Pos: 0.40,0.52
0.21 ?< 0.09
Expanded: (0.40, 0.52, 0.05) (38.97, 120.00, -51.37, 40.39, -14.61, 27.72, 15.00)
Pos: 0.40,0.52
0.21 ?< 0.09
Expanded: (0.40, 0.52, 0.05) (38.97, 120.00, -51.37, 40.39, -14.61, 27.72, -15.00)
Pos: 0.40,0.52
0.21 ?< 0.09
Expanded: (0.39, 0.52, 0.05) (38.97, 120.00, -51.37, 40.39, -29.61, 12.72, -15.00)
Pos: 0.39,0.52
0.21 ?< 0.09
Expanded: (0.40, 0.53, 0.05) (38.97, 120.00, -51.37, 40.39, -29.61, 12.72, -15.00)
Pos: 0.40,0.53
0.21 ?< 0.09
Expanded: (0.40, 0.53, 0.05) (38.97, 120.00, -51.37, 40.39, -29.61, 12.72, -0.00)
Pos: 0.40,0.53
0.21 ?< 0.09
Expanded: (0.40, 0.53, 0.05) (38.97, 120.00, -51.37, 40.39, -29.61, 12.72, -30.00)
Pos: 0.40,0.53
0.21 ?< 0.09
Expanded: (0.40, 0.53, 0.05) (38.97, 120.00, -51.37, 40.39, -14.61, 12.72, -15.00)
Pos: 0.40,0.53
0.21 ?< 0.09
Expanded: (0.39, 0.52, 0.05) (38.97, 120.00, -51.37, 40.39, -29.61, 12.72, -45.00)
Pos: 0.39,0.52
0.21 ?< 0.09
Plan/Exec Loop Timed out!
Planning failed!
Planning @ start 0.50, 0.50, 0.04, 0.51, 2.05, -0.11, 0.58, 0.01, 0.22, 0.00
Expanded: (0.50, 0.50, 0.04) (29.20, 117.39, -6.37, 33.17, 0.39, 12.72, 0.00)
Pos: 0.50,0.50
0.32 ?< 0.09
Expanded: (0.50, 0.50, 0.06) (37.86, 120.00, -6.37, 25.39, 0.39, 12.72, 0.00)
Pos: 0.50,0.50
0.32 ?< 0.09
Expanded: (0.50, 0.50, 0.06) (38.70, 120.00, -21.37, 25.39, 0.39, 12.72, -0.00)
Pos: 0.50,0.50
0.31 ?< 0.09
Expanded: (0.49, 0.51, 0.06) (38.70, 120.00, -36.37, 25.39, 0.39, 12.72, -0.00)
Pos: 0.49,0.51
0.30 ?< 0.09
Expanded: (0.45, 0.51, 0.06) (38.70, 120.00, -51.37, 25.39, 0.39, 12.72, -0.00)
Pos: 0.45,0.51
0.26 ?< 0.09
Expanded: (0.41, 0.53, 0.06) (38.65, 120.00, -51.37, 40.39, 0.39, 12.72, -0.00)
Pos: 0.41,0.53
0.22 ?< 0.09
Expanded: (0.45, 0.52, 0.06) (38.69, 117.80, -66.37, 25.39, 0.39, 12.72, -0.00)
Pos: 0.45,0.52
0.26 ?< 0.09
Expanded: (0.35, 0.58, 0.06) (48.85, 117.80, -66.37, 25.39, 0.39, 12.72, -0.00)
Pos: 0.35,0.58
0.15 ?< 0.09
Expanded: (0.19, 0.63, 0.06) (64.09, 117.80, -66.37, 25.39, 0.39, 12.72, -0.00)
Pos: 0.19,0.63
0.03 ?< 0.09
States Expanded: 9
Found plan!
Exec params: fill: 0.62, fric: 0.15
Execution: 0.50, 0.50, 0.05
Execution: 0.50, 0.50, 0.05
Execution: 0.49, 0.51, 0.05
Execution: 0.42, 0.51, 0.06
Execution: 0.39, 0.52, 0.03
Pos: 0.39,0.52
0.23 ?< 0.09
[ 3.93450579e-01  5.16851320e-01  3.16859672e-02  6.87119574e-01
  2.05600587e+00 -1.15841869e+00  4.43059576e-01  6.83829788e-03
  2.22086656e-01 -3.86873393e-05]
Execution successful: 0, bottle fell: 1
Results for 10 iters and max time(s): 10
Success rate: 0.25, fall rate: 0.75, fail plan rate: 0.60, avg num replans: 0.00, avg_initial_plan_time: 19.55, avg_total_plan_time: 19.55, 
