tC(0.00): 0.55,0.45,0.04,0.35,0.20,1.70,1.03,2.77,2.10,3.05












C(10.26): 0.55,0.45,0.04,0.35,0.36,1.70,1.03,2.77,2.09,3.05












C(9.82): 0.56,0.45,0.04,0.35,0.52,1.70,1.03,2.77,2.09,3.05












C(9.39): 0.55,0.45,0.04,0.35,0.68,1.70,1.03,2.77,2.09,3.05












C(9.02): 0.55,0.46,0.04,0.35,0.84,1.70,1.03,2.77,2.09,3.05












C(8.69): 0.55,0.46,0.04,0.35,1.00,1.70,1.03,2.77,2.09,3.05












C(8.41): 0.55,0.45,0.04,0.35,1.16,1.70,1.03,2.77,2.09,3.05












C(8.23): 0.55,0.45,0.04,0.51,1.16,1.70,1.03,2.77,2.09,3.05












C(7.87): 0.55,0.45,0.04,0.67,1.16,1.70,1.03,2.77,2.09,3.05












C(7.41): 0.55,0.45,0.04,0.83,1.16,1.70,1.03,2.77,2.09,3.05












C(6.89): 0.55,0.45,0.04,0.99,1.16,1.70,1.03,2.77,2.09,3.05












C(6.49): 0.55,0.45,0.04,0.99,1.32,1.70,1.03,2.77,2.09,3.05












C(6.10): 0.55,0.45,0.04,1.15,1.32,1.70,1.03,2.77,2.09,3.05



C(5.74): 0.56,0.45,0.04,1.15,1.48,1.70,1.03,2.77,2.09,3.05


C(5.50): 0.56,0.45,0.04,1.15,1.64,1.70,1.03,2.77,2.09,3.05


C(5.32): 0.55,0.45,0.04,1.15,1.64,1.70,0.87,2.77,2.09,3.05


C(5.22): 0.56,0.41,0.02,1.15,1.64,1.86,0.87,2.77,2.09,3.05


C(4.83): 0.57,0.33,0.02,0.99,1.64,1.86,0.87,2.77,2.09,3.05



C(4.12): 0.48,0.27,0.02,0.99,1.80,1.86,0.87,2.77,2.09,3.05



C(3.96): 0.48,0.23,0.02,0.99,1.80,1.86,1.03,2.77,2.09,3.05



C(3.82): 0.46,0.23,0.02,0.99,1.79,2.02,1.03,2.76,2.10,3.05

C(3.66): 0.44,0.19,0.02,0.99,1.79,2.02,1.19,2.77,2.09,3.05




C(3.55): 0.41,0.15,0.02,0.99,1.79,2.02,1.35,2.77,2.09,3.05


C(3.47): 0.38,0.12,0.02,0.99,1.79,2.02,1.51,2.77,2.09,3.05



C(3.42): 0.35,0.09,0.02,0.99,1.79,2.02,1.67,2.77,2.09,3.05



C(3.34): 0.33,0.06,0.02,0.83,1.79,2.02,1.67,2.77,2.09,3.05



C(3.26): 0.32,0.05,0.02,0.83,1.88,2.02,1.67,2.77,2.09,3.05


C(3.26): 0.32,0.05,0.02,0.83,1.88,2.02,1.67,2.93,2.09,3.05



C(3.23): 0.30,0.03,0.02,0.67,1.88,2.02,1.67,2.93,2.09,3.05

Collision-free planned transition: 
1.15, 1.64, 1.70, 1.03, 2.77, 2.09, 3.05 -> 1.15, 1.64, 1.70, 0.87, 2.77, 2.09, 3.05

Desired pose @ first collision: 
1.191, 1.661, 1.703, 1.034, 2.766, 2.098, 3.055

Actual pose @ first collision
1.191, 1.653, 1.703, 1.034, 2.766, 2.094, 3.054